Running time: 218499 ms
minpro: 0.6
minsup: 0.02
PMFIs:
[0]
[1]
[2]
[3]
[4]
[5]
[6]
[7]
[8]
[10]
[11]
[12]
[13]
[14]
[15]
[16]
[17]
[18]
[19]
[20]
[21]
[22]
[23]
[24]
[25]
[26]
[27]
[28]
[29]
[31]
[32]
[33]
[34]
[35]
[36]
[37]
[38]
[39]
[40]
[41]
[42]
[43]
[44]
[45]
[46]
[47]
[48]
[49]
[51]
[52]
[53]
[54]
[55]
[56]
[57]
[58]
[59]
[62]
[64]
[66]
[67]
[68]
[69]
[70]
[71]
[72]
[73]
[74]
[75]
[78]
[80]
[81]
[82]
[83]
[85]
[86]
[88]
[89]
[90]
[91]
[93]
[94]
[95]
[96]
[97]
[98]
[100]
[101]
[102]
[103]
[104]
[105]
[108]
[110]
[111]
[112]
[113]
[114]
[115]
[116]
[117]
[118]
[120]
[121]
[122]
[123]
[124]
[125]
[126]
[127]
[128]
[129]
[130]
[131]
[132]
[135]
[136]
[137]
[138]
[139]
[140]
[141]
[142]
[143]
[144]
[145]
[146]
[147]
[150]
[151]
[152]
[153]
[154]
[155]
[156]
[157]
[158]
[159]
[160]
[161]
[162]
[163]
[164]
[165]
[166]
[167]
[168]
[169]
[170]
[171]
[172]
[173]
[174]
[175]
[176]
[177]
[178]
[179]
[180]
[181]
[182]
[183]
[185]
[186]
[187]
[188]
[189]
[190]
[191]
[192]
[193]
[194]
[196]
[197]
[198]
[199]
[201]
[202]
[203]
[204]
[205]
[206]
[207]
[208]
[209]
[210]
[212]
[213]
[214]
[215]
[216]
[217]
[218]
[220]
[222]
[224]
[225]
[226]
[227]
[228]
[229]
[230]
[231]
[234]
[236]
[237]
[239]
[240]
[241]
[242]
[244]
[0, 245]
[245]
[1, 245]
[246]
[2, 245]
[247]
[3, 245]
[248]
[4, 245]
[249]
[5, 245]
[245, 6]
[245, 7]
[252]
[245, 8]
[254]
[245, 10]
[255]
[245, 11]
[256]
[245, 12]
[257]
[258]
[245, 14]
[259]
[245, 15]
[16, 245]
[261]
[17, 245]
[262]
[18, 245]
[263]
[19, 245]
[264]
[265]
[21, 245]
[266]
[245, 22]
[267]
[245, 23]
[268]
[245, 24]
[269]
[245, 25]
[270]
[245, 26]
[245, 27]
[272]
[245, 28]
[273]
[245, 29]
[274]
[275]
[245, 31]
[276]
[32, 245]
[277]
[33, 245]
[278]
[279]
[35, 245]
[280]
[36, 245]
[281]
[37, 245]
[282]
[245, 38]
[283]
[245, 39]
[245, 40]
[285]
[245, 41]
[286]
[245, 42]
[287]
[245, 43]
[245, 44]
[289]
[245, 45]
[290]
[245, 46]
[245, 47]
[292]
[48, 245]
[293]
[49, 245]
[294]
[295]
[51, 245]
[296]
[52, 245]
[297]
[53, 245]
[298]
[245, 54]
[299]
[245, 55]
[300]
[245, 56]
[301]
[245, 57]
[245, 58]
[303]
[245, 59]
[304]
[305]
[306]
[245, 62]
[307]
[308]
[64, 245]
[309]
[310]
[66, 245]
[311]
[67, 245]
[68, 245]
[313]
[69, 245]
[314]
[245, 70]
[315]
[245, 71]
[316]
[245, 72]
[317]
[245, 73]
[318]
[319]
[245, 75]
[320]
[321]
[322]
[245, 78]
[324]
[80, 245]
[325]
[81, 245]
[326]
[82, 245]
[327]
[83, 245]
[328]
[329]
[85, 245]
[330]
[245, 86]
[331]
[332]
[245, 88]
[333]
[245, 89]
[334]
[245, 90]
[335]
[245, 91]
[336]
[245, 93]
[338]
[245, 94]
[339]
[245, 95]
[96, 245]
[97, 245]
[342]
[98, 245]
[343]
[100, 245]
[345]
[101, 245]
[346]
[245, 102]
[347]
[245, 103]
[348]
[245, 104]
[349]
[245, 105]
[350]
[351]
[352]
[245, 108]
[354]
[245, 110]
[355]
[245, 111]
[356]
[112, 245]
[357]
[113, 245]
[358]
[114, 245]
[115, 245]
[116, 245]
[361]
[117, 245]
[362]
[245, 118]
[363]
[364]
[245, 120]
[366]
[245, 122]
[367]
[368]
[245, 124]
[369]
[245, 125]
[370]
[245, 126]
[371]
[245, 127]
[372]
[128, 245]
[373]
[129, 245]
[374]
[130, 245]
[375]
[131, 245]
[376]
[132, 245]
[377]
[378]
[379]
[245, 135]
[245, 136]
[381]
[382]
[245, 138]
[383]
[245, 139]
[384]
[245, 140]
[385]
[245, 141]
[245, 142]
[387]
[245, 143]
[388]
[144, 245]
[145, 245]
[390]
[146, 245]
[391]
[147, 245]
[392]
[394]
[245, 150]
[395]
[245, 151]
[396]
[245, 152]
[397]
[245, 153]
[398]
[245, 154]
[399]
[245, 155]
[400]
[245, 156]
[401]
[245, 157]
[402]
[245, 158]
[403]
[245, 159]
[160, 245]
[405]
[161, 245]
[406]
[162, 245]
[407]
[163, 245]
[408]
[164, 245]
[409]
[165, 245]
[245, 166]
[411]
[245, 167]
[412]
[245, 168]
[413]
[414]
[245, 170]
[415]
[245, 171]
[245, 172]
[417]
[245, 173]
[418]
[245, 174]
[419]
[245, 175]
[176, 245]
[421]
[177, 245]
[422]
[178, 245]
[423]
[179, 245]
[424]
[180, 245]
[181, 245]
[426]
[245, 182]
[427]
[245, 183]
[428]
[429]
[245, 185]
[430]
[245, 186]
[431]
[245, 187]
[432]
[245, 188]
[245, 190]
[435]
[245, 191]
[436]
[192, 245]
[437]
[193, 245]
[438]
[194, 245]
[439]
[440]
[196, 245]
[441]
[197, 245]
[442]
[245, 198]
[443]
[245, 199]
[444]
[245, 201]
[245, 202]
[447]
[245, 203]
[448]
[245, 204]
[449]
[245, 205]
[450]
[245, 206]
[451]
[245, 207]
[452]
[208, 245]
[453]
[209, 245]
[454]
[210, 245]
[455]
[456]
[212, 245]
[213, 245]
[458]
[245, 214]
[459]
[245, 215]
[460]
[245, 216]
[461]
[245, 217]
[462]
[245, 218]
[464]
[245, 220]
[465]
[466]
[245, 222]
[467]
[468]
[224, 245]
[469]
[225, 245]
[470]
[226, 245]
[471]
[227, 245]
[472]
[228, 245]
[473]
[229, 245]
[474]
[245, 230]
[475]
[245, 231]
[476]
[477]
[478]
[245, 234]
[479]
[480]
[245, 236]
[481]
[245, 237]
[482]
[483]
[245, 239]
[484]
[240, 245]
[485]
[241, 245]
[486]
[242, 245]
[487]
[244, 245]
[489]
[490]
[245, 246]
[491]
[245, 247]
[492]
[245, 248]
[493]
[245, 249]
[494]
[495]
[496]
[245, 252]
[498]
[245, 254]
[499]
[245, 255]
[500]
[256, 245]
[501]
[257, 245]
[258, 245]
[503]
[259, 245]
[504]
[505]
[245, 261]
[245, 262]
[507]
[245, 263]
[508]
[245, 264]
[509]
[245, 265]
[510]
[245, 266]
[511]
[245, 267]
[512]
[245, 268]
[513]
[245, 269]
[514]
[245, 270]
[515]
[516]
[272, 245]
[517]
[273, 245]
[518]
[274, 245]
[275, 245]
[520]
[276, 245]
[521]
[245, 277]
[522]
[245, 278]
[523]
[245, 279]
[524]
[245, 280]
[525]
[245, 281]
[526]
[527]
[245, 283]
[528]
[529]
[245, 285]
[530]
[245, 286]
[531]
[532]
[533]
[289, 245]
[534]
[290, 245]
[535]
[536]
[292, 245]
[537]
[245, 293]
[538]
[245, 294]
[539]
[245, 295]
[540]
[245, 296]
[541]
[245, 298]
[245, 299]
[544]
[245, 300]
[545]
[245, 301]
[546]
[245, 303]
[548]
[304, 245]
[305, 245]
[550]
[306, 245]
[551]
[307, 245]
[552]
[308, 245]
[553]
[245, 309]
[554]
[245, 310]
[245, 311]
[556]
[557]
[245, 313]
[558]
[245, 314]
[245, 315]
[560]
[245, 316]
[561]
[245, 317]
[562]
[245, 318]
[563]
[245, 319]
[320, 245]
[565]
[321, 245]
[322, 245]
[567]
[568]
[324, 245]
[569]
[245, 325]
[245, 326]
[571]
[245, 327]
[572]
[245, 328]
[573]
[245, 329]
[574]
[245, 330]
[575]
[245, 331]
[576]
[245, 332]
[577]
[245, 333]
[578]
[245, 334]
[579]
[245, 335]
[580]
[336, 245]
[581]
[582]
[338, 245]
[583]
[339, 245]
[585]
[245, 342]
[245, 343]
[588]
[589]
[245, 345]
[590]
[245, 346]
[591]
[245, 347]
[592]
[245, 348]
[593]
[245, 349]
[594]
[245, 350]
[595]
[245, 351]
[596]
[352, 245]
[597]
[598]
[354, 245]
[355, 245]
[600]
[356, 245]
[601]
[245, 357]
[602]
[245, 358]
[603]
[604]
[605]
[245, 361]
[606]
[245, 362]
[608]
[245, 364]
[609]
[610]
[245, 366]
[611]
[245, 367]
[612]
[368, 245]
[613]
[369, 245]
[614]
[0, 615]
[370, 245]
[615]
[1, 615]
[371, 245]
[616]
[2, 615]
[372, 245]
[617]
[3, 615]
[245, 373]
[618]
[4, 615]
[245, 374]
[619]
[5, 615]
[245, 375]
[620]
[6, 615]
[245, 376]
[7, 615]
[245, 377]
[622]
[615, 8]
[245, 378]
[623]
[245, 379]
[624]
[615, 10]
[615, 11]
[245, 381]
[626]
[615, 12]
[627]
[615, 13]
[245, 383]
[628]
[615, 14]
[384, 245]
[629]
[615, 15]
[385, 245]
[630]
[16, 615]
[631]
[17, 615]
[387, 245]
[632]
[18, 615]
[388, 245]
[633]
[19, 615]
[634]
[20, 615]
[245, 390]
[635]
[21, 615]
[245, 391]
[22, 615]
[245, 392]
[637]
[23, 615]
[638]
[615, 24]
[245, 394]
[639]
[615, 25]
[245, 395]
[640]
[615, 26]
[245, 396]
[641]
[615, 27]
[245, 397]
[642]
[615, 28]
[245, 398]
[643]
[615, 29]
[245, 399]
[644]
[400, 245]
[645]
[615, 31]
[401, 245]
[32, 615]
[402, 245]
[647]
[33, 615]
[403, 245]
[648]
[34, 615]
[649]
[35, 615]
[245, 405]
[650]
[36, 615]
[245, 406]
[651]
[37, 615]
[245, 407]
[652]
[38, 615]
[245, 408]
[653]
[39, 615]
[245, 409]
[615, 40]
[655]
[615, 41]
[245, 411]
[656]
[615, 42]
[245, 412]
[657]
[615, 43]
[245, 413]
[658]
[615, 44]
[245, 414]
[659]
[615, 45]
[245, 415]
[660]
[615, 46]
[661]
[615, 47]
[417, 245]
[662]
[48, 615]
[418, 245]
[663]
[49, 615]
[419, 245]
[665]
[51, 615]
[245, 421]
[666]
[52, 615]
[245, 422]
[53, 615]
[245, 423]
[54, 615]
[245, 424]
[55, 615]
[670]
[615, 56]
[245, 426]
[671]
[615, 57]
[245, 427]
[672]
[615, 58]
[245, 428]
[673]
[615, 59]
[245, 429]
[674]
[245, 430]
[675]
[676]
[615, 62]
[432, 245]
[677]
[678]
[64, 615]
[679]
[435, 245]
[680]
[66, 615]
[436, 245]
[681]
[67, 615]
[245, 437]
[682]
[68, 615]
[245, 438]
[683]
[69, 615]
[245, 439]
[684]
[70, 615]
[245, 440]
[685]
[71, 615]
[245, 441]
[686]
[615, 72]
[245, 442]
[687]
[615, 73]
[245, 443]
[688]
[615, 74]
[245, 444]
[689]
[615, 75]
[690]
[691]
[245, 447]
[692]
[615, 78]
[448, 245]
[693]
[449, 245]
[694]
[80, 615]
[450, 245]
[695]
[81, 615]
[451, 245]
[696]
[82, 615]
[452, 245]
[697]
[83, 615]
[245, 453]
[698]
[699]
[85, 615]
[245, 455]
[86, 615]
[245, 456]
[701]
[702]
[615, 88]
[245, 458]
[703]
[615, 89]
[245, 459]
[704]
[615, 90]
[245, 460]
[705]
[615, 91]
[245, 461]
[706]
[245, 462]
[707]
[615, 93]
[708]
[615, 94]
[464, 245]
[709]
[615, 95]
[710]
[96, 615]
[466, 245]
[711]
[97, 615]
[467, 245]
[712]
[98, 615]
[468, 245]
[713]
[245, 469]
[714]
[100, 615]
[245, 470]
[715]
[101, 615]
[245, 471]
[716]
[102, 615]
[245, 472]
[103, 615]
[718]
[615, 104]
[245, 474]
[719]
[615, 105]
[245, 475]
[720]
[245, 476]
[721]
[245, 477]
[722]
[615, 108]
[245, 478]
[723]
[724]
[615, 110]
[480, 245]
[725]
[615, 111]
[481, 245]
[726]
[112, 615]
[482, 245]
[113, 615]
[483, 245]
[114, 615]
[484, 245]
[729]
[115, 615]
[245, 485]
[730]
[116, 615]
[245, 486]
[731]
[117, 615]
[245, 487]
[732]
[118, 615]
[733]
[245, 489]
[734]
[615, 120]
[245, 490]
[735]
[615, 121]
[245, 491]
[736]
[615, 122]
[245, 492]
[615, 123]
[245, 493]
[738]
[615, 124]
[245, 494]
[739]
[615, 125]
[245, 495]
[740]
[615, 126]
[496, 245]
[741]
[615, 127]
[742]
[128, 615]
[498, 245]
[743]
[129, 615]
[499, 245]
[744]
[130, 615]
[500, 245]
[745]
[131, 615]
[245, 501]
[746]
[132, 615]
[245, 503]
[245, 504]
[749]
[135, 615]
[245, 505]
[750]
[615, 136]
[751]
[615, 137]
[245, 507]
[752]
[615, 138]
[245, 508]
[753]
[615, 139]
[245, 509]
[615, 140]
[245, 510]
[755]
[615, 141]
[245, 511]
[615, 142]
[512, 245]
[757]
[615, 143]
[513, 245]
[758]
[144, 615]
[514, 245]
[759]
[145, 615]
[515, 245]
[760]
[146, 615]
[516, 245]
[147, 615]
[245, 517]
[762]
[245, 518]
[763]
[764]
[150, 615]
[245, 520]
[765]
[151, 615]
[245, 521]
[766]
[615, 152]
[245, 522]
[767]
[615, 153]
[245, 523]
[615, 154]
[245, 524]
[769]
[615, 155]
[245, 525]
[615, 156]
[245, 526]
[771]
[615, 157]
[245, 527]
[615, 158]
[528, 245]
[773]
[615, 159]
[529, 245]
[774]
[160, 615]
[530, 245]
[775]
[161, 615]
[531, 245]
[776]
[162, 615]
[777]
[163, 615]
[245, 533]
[778]
[164, 615]
[245, 534]
[779]
[165, 615]
[245, 535]
[780]
[166, 615]
[245, 536]
[781]
[167, 615]
[245, 537]
[782]
[615, 168]
[245, 538]
[783]
[615, 169]
[245, 539]
[784]
[615, 170]
[245, 540]
[785]
[615, 171]
[245, 541]
[615, 172]
[787]
[615, 173]
[788]
[615, 174]
[544, 245]
[789]
[615, 175]
[545, 245]
[790]
[176, 615]
[546, 245]
[177, 615]
[792]
[178, 615]
[548, 245]
[793]
[179, 615]
[794]
[180, 615]
[245, 550]
[795]
[181, 615]
[245, 551]
[182, 615]
[245, 552]
[797]
[183, 615]
[245, 553]
[798]
[245, 554]
[799]
[615, 185]
[800]
[615, 186]
[245, 556]
[801]
[615, 187]
[245, 557]
[802]
[615, 188]
[245, 558]
[803]
[615, 189]
[804]
[615, 190]
[560, 245]
[805]
[615, 191]
[561, 245]
[806]
[192, 615]
[562, 245]
[807]
[193, 615]
[563, 245]
[194, 615]
[809]
[245, 565]
[810]
[196, 615]
[811]
[197, 615]
[245, 567]
[812]
[198, 615]
[245, 568]
[813]
[199, 615]
[245, 569]
[814]
[815]
[615, 201]
[245, 571]
[615, 202]
[245, 572]
[817]
[615, 203]
[245, 573]
[818]
[615, 204]
[245, 574]
[819]
[615, 205]
[245, 575]
[820]
[615, 206]
[576, 245]
[821]
[615, 207]
[577, 245]
[822]
[208, 615]
[578, 245]
[823]
[209, 615]
[579, 245]
[824]
[210, 615]
[580, 245]
[825]
[245, 581]
[826]
[212, 615]
[827]
[213, 615]
[245, 583]
[828]
[214, 615]
[829]
[215, 615]
[245, 585]
[830]
[615, 216]
[831]
[615, 217]
[832]
[615, 218]
[245, 588]
[833]
[245, 589]
[834]
[615, 220]
[245, 590]
[835]
[245, 591]
[615, 222]
[592, 245]
[837]
[593, 245]
[838]
[224, 615]
[594, 245]
[839]
[225, 615]
[595, 245]
[840]
[226, 615]
[596, 245]
[841]
[227, 615]
[245, 597]
[842]
[228, 615]
[245, 598]
[843]
[229, 615]
[844]
[230, 615]
[245, 600]
[845]
[231, 615]
[245, 601]
[846]
[245, 602]
[847]
[245, 603]
[615, 234]
[245, 604]
[849]
[245, 605]
[850]
[615, 236]
[245, 606]
[851]
[615, 237]
[852]
[608, 245]
[853]
[615, 239]
[609, 245]
[854]
[240, 615]
[610, 245]
[855]
[241, 615]
[611, 245]
[856]
[242, 615]
[612, 245]
[857]
[245, 613]
[858]
[244, 615]
[245, 614]
[859]
[0, 245, 615]
[245, 615]
[860]
[1, 245, 615]
[245, 616]
[246, 615]
[2, 245, 615]
[245, 617]
[247, 615]
[862]
[3, 245, 615]
[245, 618]
[615, 248]
[4, 245, 615]
[615, 249]
[864]
[5, 245, 615]
[245, 620]
[865]
[245, 6, 615]
[866]
[245, 7, 615]
[245, 622]
[615, 252]
[867]
[245, 615, 8]
[245, 623]
[868]
[624, 245]
[615, 254]
[869]
[245, 615, 10]
[615, 255]
[870]
[245, 615, 11]
[626, 245]
[256, 615]
[871]
[245, 615, 12]
[627, 245]
[257, 615]
[872]
[245, 615, 13]
[628, 245]
[258, 615]
[245, 615, 14]
[245, 629]
[259, 615]
[874]
[245, 615, 15]
[245, 630]
[16, 245, 615]
[245, 631]
[261, 615]
[876]
[17, 245, 615]
[245, 632]
[262, 615]
[877]
[18, 245, 615]
[245, 633]
[263, 615]
[878]
[19, 245, 615]
[245, 634]
[615, 264]
[879]
[20, 245, 615]
[245, 635]
[615, 265]
[880]
[21, 245, 615]
[615, 266]
[881]
[245, 22, 615]
[615, 267]
[882]
[245, 23, 615]
[245, 638]
[615, 268]
[883]
[245, 615, 24]
[245, 639]
[615, 269]
[884]
[245, 615, 25]
[640, 245]
[615, 270]
[885]
[245, 615, 26]
[641, 245]
[886]
[245, 615, 27]
[642, 245]
[272, 615]
[887]
[245, 615, 28]
[643, 245]
[273, 615]
[888]
[245, 615, 29]
[644, 245]
[274, 615]
[889]
[245, 645]
[275, 615]
[890]
[245, 615, 31]
[276, 615]
[891]
[32, 245, 615]
[245, 647]
[277, 615]
[892]
[33, 245, 615]
[245, 648]
[278, 615]
[893]
[34, 245, 615]
[245, 649]
[279, 615]
[894]
[35, 245, 615]
[245, 650]
[615, 280]
[895]
[36, 245, 615]
[245, 651]
[615, 281]
[896]
[37, 245, 615]
[245, 652]
[615, 282]
[897]
[245, 38, 615]
[245, 653]
[615, 283]
[898]
[245, 39, 615]
[899]
[245, 615, 40]
[245, 655]
[615, 285]
[900]
[245, 615, 41]
[656, 245]
[615, 286]
[901]
[245, 615, 42]
[657, 245]
[615, 287]
[902]
[245, 615, 43]
[658, 245]
[903]
[245, 615, 44]
[659, 245]
[289, 615]
[904]
[245, 615, 45]
[660, 245]
[290, 615]
[905]
[245, 615, 46]
[245, 661]
[906]
[245, 615, 47]
[245, 662]
[292, 615]
[48, 245, 615]
[245, 663]
[293, 615]
[49, 245, 615]
[294, 615]
[909]
[245, 665]
[295, 615]
[910]
[51, 245, 615]
[245, 666]
[615, 296]
[911]
[52, 245, 615]
[615, 297]
[912]
[53, 245, 615]
[615, 298]
[913]
[245, 54, 615]
[615, 299]
[914]
[245, 55, 615]
[245, 670]
[615, 300]
[915]
[245, 615, 56]
[245, 671]
[615, 301]
[916]
[245, 615, 57]
[672, 245]
[917]
[245, 615, 58]
[673, 245]
[615, 303]
[918]
[245, 615, 59]
[674, 245]
[304, 615]
[919]
[675, 245]
[305, 615]
[920]
[676, 245]
[306, 615]
[921]
[245, 615, 62]
[245, 677]
[307, 615]
[922]
[245, 678]
[308, 615]
[923]
[64, 245, 615]
[245, 679]
[309, 615]
[245, 680]
[310, 615]
[925]
[66, 245, 615]
[245, 681]
[311, 615]
[926]
[67, 245, 615]
[245, 682]
[927]
[68, 245, 615]
[245, 683]
[615, 313]
[928]
[69, 245, 615]
[245, 684]
[615, 314]
[245, 70, 615]
[245, 685]
[615, 315]
[930]
[245, 71, 615]
[245, 686]
[615, 316]
[931]
[245, 615, 72]
[245, 687]
[615, 317]
[932]
[245, 615, 73]
[688, 245]
[615, 318]
[933]
[245, 615, 74]
[689, 245]
[615, 319]
[934]
[245, 615, 75]
[690, 245]
[320, 615]
[935]
[691, 245]
[321, 615]
[936]
[692, 245]
[322, 615]
[937]
[245, 615, 78]
[245, 693]
[938]
[245, 694]
[324, 615]
[939]
[80, 245, 615]
[245, 695]
[325, 615]
[940]
[81, 245, 615]
[245, 696]
[326, 615]
[941]
[82, 245, 615]
[245, 697]
[327, 615]
[942]
[83, 245, 615]
[245, 698]
[615, 328]
[943]
[245, 699]
[615, 329]
[944]
[85, 245, 615]
[615, 330]
[945]
[245, 86, 615]
[245, 701]
[615, 331]
[946]
[245, 702]
[615, 332]
[947]
[245, 615, 88]
[245, 703]
[615, 333]
[948]
[245, 615, 89]
[704, 245]
[615, 334]
[949]
[245, 615, 90]
[705, 245]
[615, 335]
[950]
[245, 615, 91]
[706, 245]
[336, 615]
[951]
[707, 245]
[952]
[245, 615, 93]
[708, 245]
[338, 615]
[953]
[245, 615, 94]
[245, 709]
[339, 615]
[954]
[245, 615, 95]
[245, 710]
[96, 245, 615]
[245, 711]
[956]
[97, 245, 615]
[245, 712]
[342, 615]
[98, 245, 615]
[245, 713]
[343, 615]
[958]
[245, 714]
[959]
[100, 245, 615]
[245, 715]
[615, 345]
[960]
[101, 245, 615]
[245, 716]
[615, 346]
[961]
[245, 102, 615]
[615, 347]
[245, 103, 615]
[245, 718]
[615, 348]
[963]
[245, 615, 104]
[245, 719]
[615, 349]
[964]
[245, 615, 105]
[720, 245]
[615, 350]
[965]
[721, 245]
[615, 351]
[966]
[722, 245]
[352, 615]
[967]
[245, 615, 108]
[723, 245]
[724, 245]
[354, 615]
[969]
[245, 615, 110]
[355, 615]
[970]
[245, 615, 111]
[356, 615]
[112, 245, 615]
[357, 615]
[972]
[113, 245, 615]
[358, 615]
[973]
[114, 245, 615]
[245, 729]
[115, 245, 615]
[0, 615, 360]
[245, 730]
[975]
[116, 245, 615]
[1, 615, 360]
[245, 731]
[615, 361]
[117, 245, 615]
[2, 615, 360]
[245, 732]
[615, 362]
[977]
[245, 118, 615]
[3, 615, 360]
[245, 733]
[615, 363]
[978]
[4, 615, 360]
[245, 734]
[615, 364]
[979]
[245, 615, 120]
[5, 615, 360]
[245, 735]
[980]
[245, 615, 121]
[6, 615, 360]
[736, 245]
[615, 366]
[981]
[245, 615, 122]
[7, 615, 360]
[615, 367]
[982]
[245, 615, 123]
[615, 8, 360]
[738, 245]
[368, 615]
[983]
[245, 615, 124]
[739, 245]
[369, 615]
[984]
[245, 615, 125]
[615, 360, 10]
[740, 245]
[370, 615]
[985]
[245, 615, 126]
[615, 360, 11]
[245, 741]
[371, 615]
[986]
[245, 615, 127]
[615, 360, 12]
[245, 742]
[372, 615]
[128, 245, 615]
[615, 360, 13]
[245, 743]
[373, 615]
[988]
[129, 245, 615]
[615, 360, 14]
[245, 744]
[374, 615]
[989]
[130, 245, 615]
[615, 360, 15]
[245, 745]
[375, 615]
[990]
[131, 245, 615]
[16, 615, 360]
[245, 746]
[615, 376]
[991]
[132, 245, 615]
[17, 615, 360]
[615, 377]
[992]
[18, 615, 360]
[615, 378]
[19, 615, 360]
[245, 749]
[615, 379]
[994]
[245, 135, 615]
[20, 615, 360]
[245, 750]
[995]
[245, 615, 136]
[21, 615, 360]
[245, 751]
[615, 381]
[245, 615, 137]
[22, 615, 360]
[752, 245]
[615, 382]
[997]
[245, 615, 138]
[23, 615, 360]
[753, 245]
[615, 383]
[998]
[245, 615, 139]
[615, 24, 360]
[384, 615]
[999]
[245, 615, 140]
[615, 360, 25]
[755, 245]
[385, 615]
[245, 615, 141]
[615, 360, 26]
[245, 615, 142]
[615, 360, 27]
[245, 757]
[387, 615]
[245, 615, 143]
[615, 360, 28]
[245, 758]
[388, 615]
[144, 245, 615]
[615, 360, 29]
[245, 759]
[145, 245, 615]
[245, 760]
[390, 615]
[146, 245, 615]
[615, 360, 31]
[391, 615]
[147, 245, 615]
[32, 615, 360]
[245, 762]
[615, 392]
[33, 615, 360]
[245, 763]
[34, 615, 360]
[245, 764]
[615, 394]
[245, 150, 615]
[35, 615, 360]
[245, 765]
[615, 395]
[245, 151, 615]
[36, 615, 360]
[245, 766]
[615, 396]
[245, 615, 152]
[37, 615, 360]
[615, 397]
[245, 615, 153]
[38, 615, 360]
[768, 245]
[615, 398]
[245, 615, 154]
[39, 615, 360]
[769, 245]
[615, 399]
[245, 615, 155]
[615, 40, 360]
[400, 615]
[245, 615, 156]
[615, 360, 41]
[771, 245]
[401, 615]
[245, 615, 157]
[615, 360, 42]
[402, 615]
[245, 615, 158]
[615, 360, 43]
[245, 773]
[403, 615]
[245, 615, 159]
[615, 360, 44]
[245, 774]
[160, 245, 615]
[615, 360, 45]
[245, 775]
[405, 615]
[161, 245, 615]
[615, 360, 46]
[245, 776]
[406, 615]
[162, 245, 615]
[615, 360, 47]
[245, 777]
[407, 615]
[163, 245, 615]
[48, 615, 360]
[245, 778]
[615, 408]
[164, 245, 615]
[49, 615, 360]
[245, 779]
[615, 409]
[165, 245, 615]
[245, 780]
[245, 166, 615]
[51, 615, 360]
[245, 781]
[615, 411]
[245, 167, 615]
[52, 615, 360]
[245, 782]
[615, 412]
[245, 615, 168]
[53, 615, 360]
[245, 783]
[615, 413]
[245, 615, 169]
[54, 615, 360]
[784, 245]
[615, 414]
[245, 615, 170]
[55, 615, 360]
[785, 245]
[615, 415]
[245, 615, 171]
[615, 56, 360]
[245, 615, 172]
[615, 360, 57]
[787, 245]
[417, 615]
[245, 615, 173]
[615, 360, 58]
[788, 245]
[418, 615]
[245, 615, 174]
[615, 360, 59]
[245, 789]
[419, 615]
[245, 615, 175]
[245, 790]
[176, 245, 615]
[421, 615]
[177, 245, 615]
[615, 360, 62]
[245, 792]
[422, 615]
[178, 245, 615]
[245, 793]
[423, 615]
[179, 245, 615]
[64, 615, 360]
[245, 794]
[615, 424]
[180, 245, 615]
[245, 795]
[181, 245, 615]
[66, 615, 360]
[615, 426]
[245, 182, 615]
[67, 615, 360]
[245, 797]
[615, 427]
[245, 183, 615]
[68, 615, 360]
[245, 798]
[615, 428]
[69, 615, 360]
[245, 799]
[615, 429]
[245, 615, 185]
[70, 615, 360]
[800, 245]
[615, 430]
[245, 615, 186]
[71, 615, 360]
[801, 245]
[615, 431]
[245, 615, 187]
[615, 72, 360]
[802, 245]
[432, 615]
[245, 615, 188]
[615, 360, 73]
[803, 245]
[245, 615, 189]
[615, 360, 74]
[804, 245]
[245, 615, 190]
[615, 360, 75]
[245, 805]
[435, 615]
[245, 615, 191]
[245, 806]
[436, 615]
[192, 245, 615]
[245, 807]
[437, 615]
[193, 245, 615]
[615, 360, 78]
[438, 615]
[194, 245, 615]
[245, 809]
[439, 615]
[80, 615, 360]
[245, 810]
[615, 440]
[196, 245, 615]
[81, 615, 360]
[245, 811]
[615, 441]
[197, 245, 615]
[82, 615, 360]
[245, 812]
[615, 442]
[245, 198, 615]
[83, 615, 360]
[245, 813]
[615, 443]
[245, 199, 615]
[245, 814]
[615, 444]
[85, 615, 360]
[245, 815]
[245, 615, 201]
[86, 615, 360]
[245, 615, 202]
[817, 245]
[615, 447]
[245, 615, 203]
[615, 88, 360]
[818, 245]
[448, 615]
[245, 615, 204]
[615, 360, 89]
[819, 245]
[449, 615]
[245, 615, 205]
[615, 360, 90]
[820, 245]
[450, 615]
[245, 615, 206]
[615, 360, 91]
[245, 821]
[451, 615]
[245, 615, 207]
[245, 822]
[452, 615]
[208, 245, 615]
[615, 360, 93]
[245, 823]
[453, 615]
[209, 245, 615]
[615, 360, 94]
[245, 824]
[454, 615]
[210, 245, 615]
[615, 360, 95]
[245, 825]
[455, 615]
[96, 615, 360]
[245, 826]
[615, 456]
[212, 245, 615]
[97, 615, 360]
[245, 827]
[213, 245, 615]
[98, 615, 360]
[245, 828]
[615, 458]
[245, 214, 615]
[245, 829]
[615, 459]
[245, 215, 615]
[100, 615, 360]
[245, 830]
[615, 460]
[245, 615, 216]
[101, 615, 360]
[245, 831]
[615, 461]
[245, 615, 217]
[102, 615, 360]
[832, 245]
[615, 462]
[245, 615, 218]
[103, 615, 360]
[833, 245]
[615, 104, 360]
[834, 245]
[464, 615]
[245, 615, 220]
[615, 360, 105]
[835, 245]
[465, 615]
[466, 615]
[245, 615, 222]
[245, 837]
[467, 615]
[615, 360, 108]
[245, 838]
[468, 615]
[224, 245, 615]
[245, 839]
[469, 615]
[225, 245, 615]
[615, 360, 110]
[245, 840]
[470, 615]
[226, 245, 615]
[615, 360, 111]
[245, 841]
[471, 615]
[227, 245, 615]
[112, 615, 360]
[245, 842]
[615, 472]
[228, 245, 615]
[113, 615, 360]
[245, 843]
[615, 473]
[229, 245, 615]
[114, 615, 360]
[245, 844]
[615, 474]
[245, 230, 615]
[115, 615, 360]
[245, 845]
[615, 475]
[245, 231, 615]
[116, 615, 360]
[245, 846]
[615, 476]
[117, 615, 360]
[245, 847]
[615, 477]
[118, 615, 360]
[615, 478]
[245, 615, 234]
[849, 245]
[615, 479]
[615, 120, 360]
[480, 615]
[245, 615, 236]
[615, 360, 121]
[851, 245]
[481, 615]
[245, 615, 237]
[615, 360, 122]
[852, 245]
[482, 615]
[615, 360, 123]
[245, 853]
[483, 615]
[245, 615, 239]
[615, 360, 124]
[245, 854]
[484, 615]
[240, 245, 615]
[615, 360, 125]
[245, 855]
[485, 615]
[241, 245, 615]
[615, 360, 126]
[245, 856]
[486, 615]
[242, 245, 615]
[615, 360, 127]
[245, 857]
[487, 615]
[128, 615, 360]
[245, 858]
[244, 245, 615]
[129, 615, 360]
[245, 859]
[615, 489]
[130, 615, 360]
[245, 860]
[615, 490]
[245, 246, 615]
[131, 615, 360]
[615, 491]
[245, 247, 615]
[132, 615, 360]
[245, 862]
[615, 492]
[245, 615, 248]
[615, 493]
[245, 615, 249]
[864, 245]
[615, 494]
[135, 615, 360]
[865, 245]
[615, 495]
[615, 136, 360]
[866, 245]
[496, 615]
[245, 615, 252]
[615, 360, 137]
[867, 245]
[615, 360, 138]
[868, 245]
[498, 615]
[245, 615, 254]
[615, 360, 139]
[245, 869]
[499, 615]
[245, 615, 255]
[615, 360, 140]
[500, 615]
[256, 245, 615]
[615, 360, 141]
[245, 871]
[501, 615]
[257, 245, 615]
[615, 360, 142]
[245, 872]
[258, 245, 615]
[615, 360, 143]
[503, 615]
[259, 245, 615]
[144, 615, 360]
[245, 874]
[615, 504]
[145, 615, 360]
[615, 505]
[245, 261, 615]
[146, 615, 360]
[245, 876]
[245, 262, 615]
[147, 615, 360]
[615, 507]
[245, 263, 615]
[245, 878]
[615, 508]
[245, 615, 264]
[245, 879]
[615, 509]
[245, 615, 265]
[150, 615, 360]
[880, 245]
[615, 510]
[245, 615, 266]
[151, 615, 360]
[881, 245]
[615, 511]
[245, 615, 267]
[615, 152, 360]
[882, 245]
[512, 615]
[245, 615, 268]
[615, 360, 153]
[883, 245]
[513, 615]
[245, 615, 269]
[615, 360, 154]
[884, 245]
[514, 615]
[245, 615, 270]
[615, 360, 155]
[245, 885]
[515, 615]
[615, 360, 156]
[245, 886]
[516, 615]
[272, 245, 615]
[615, 360, 157]
[245, 887]
[517, 615]
[273, 245, 615]
[615, 360, 158]
[245, 888]
[518, 615]
[274, 245, 615]
[615, 360, 159]
[245, 889]
[275, 245, 615]
[160, 615, 360]
[245, 890]
[615, 520]
[276, 245, 615]
[161, 615, 360]
[245, 891]
[615, 521]
[245, 277, 615]
[162, 615, 360]
[245, 892]
[615, 522]
[245, 278, 615]
[163, 615, 360]
[245, 893]
[615, 523]
[245, 279, 615]
[164, 615, 360]
[245, 894]
[615, 524]
[245, 615, 280]
[165, 615, 360]
[245, 895]
[615, 525]
[245, 615, 281]
[166, 615, 360]
[896, 245]
[615, 526]
[245, 615, 282]
[167, 615, 360]
[897, 245]
[615, 527]
[245, 615, 283]
[615, 168, 360]
[898, 245]
[528, 615]
[615, 360, 169]
[899, 245]
[529, 615]
[245, 615, 285]
[615, 360, 170]
[900, 245]
[530, 615]
[245, 615, 286]
[615, 360, 171]
[245, 901]
[531, 615]
[245, 615, 287]
[615, 360, 172]
[245, 902]
[532, 615]
[615, 360, 173]
[245, 903]
[533, 615]
[289, 245, 615]
[615, 360, 174]
[245, 904]
[534, 615]
[290, 245, 615]
[615, 360, 175]
[245, 905]
[535, 615]
[176, 615, 360]
[245, 906]
[615, 536]
[292, 245, 615]
[177, 615, 360]
[615, 537]
[245, 293, 615]
[178, 615, 360]
[615, 538]
[245, 294, 615]
[179, 615, 360]
[245, 909]
[615, 539]
[245, 295, 615]
[180, 615, 360]
[245, 910]
[615, 540]
[245, 615, 296]
[181, 615, 360]
[245, 911]
[615, 541]
[245, 615, 297]
[182, 615, 360]
[912, 245]
[245, 615, 298]
[183, 615, 360]
[913, 245]
[245, 615, 299]
[914, 245]
[544, 615]
[245, 615, 300]
[615, 360, 185]
[915, 245]
[545, 615]
[245, 615, 301]
[615, 360, 186]
[916, 245]
[546, 615]
[615, 360, 187]
[245, 917]
[245, 615, 303]
[615, 360, 188]
[245, 918]
[548, 615]
[304, 245, 615]
[615, 360, 189]
[245, 919]
[305, 245, 615]
[615, 360, 190]
[245, 920]
[550, 615]
[306, 245, 615]
[615, 360, 191]
[245, 921]
[551, 615]
[307, 245, 615]
[192, 615, 360]
[245, 922]
[615, 552]
[308, 245, 615]
[193, 615, 360]
[245, 923]
[615, 553]
[245, 309, 615]
[194, 615, 360]
[615, 554]
[245, 310, 615]
[245, 925]
[245, 311, 615]
[196, 615, 360]
[245, 926]
[615, 556]
[197, 615, 360]
[245, 927]
[615, 557]
[245, 615, 313]
[198, 615, 360]
[928, 245]
[615, 558]
[245, 615, 314]
[199, 615, 360]
[245, 615, 315]
[930, 245]
[560, 615]
[245, 615, 316]
[615, 360, 201]
[931, 245]
[561, 615]
[245, 615, 317]
[615, 360, 202]
[932, 245]
[562, 615]
[245, 615, 318]
[615, 360, 203]
[245, 933]
[563, 615]
[245, 615, 319]
[0, 564, 615]
[615, 360, 204]
[245, 934]
[320, 245, 615]
[1, 564, 615]
[615, 360, 205]
[245, 935]
[565, 615]
[321, 245, 615]
[2, 564, 615]
[615, 360, 206]
[245, 936]
[322, 245, 615]
[3, 564, 615]
[615, 360, 207]
[245, 937]
[567, 615]
[4, 564, 615]
[208, 615, 360]
[245, 938]
[615, 568]
[324, 245, 615]
[564, 5, 615]
[209, 615, 360]
[245, 939]
[615, 569]
[245, 325, 615]
[564, 6, 615]
[210, 615, 360]
[245, 940]
[245, 326, 615]
[564, 7, 615]
[245, 941]
[615, 571]
[245, 327, 615]
[564, 615, 8]
[212, 615, 360]
[245, 942]
[615, 572]
[245, 615, 328]
[213, 615, 360]
[245, 943]
[615, 573]
[245, 615, 329]
[564, 615, 10]
[214, 615, 360]
[944, 245]
[615, 574]
[245, 615, 330]
[564, 615, 11]
[215, 615, 360]
[945, 245]
[615, 575]
[245, 615, 331]
[564, 615, 12]
[615, 216, 360]
[946, 245]
[576, 615]
[245, 615, 332]
[564, 615, 13]
[615, 360, 217]
[947, 245]
[577, 615]
[245, 615, 333]
[564, 615, 14]
[615, 360, 218]
[948, 245]
[578, 615]
[245, 615, 334]
[564, 615, 15]
[245, 949]
[579, 615]
[245, 615, 335]
[16, 564, 615]
[615, 360, 220]
[245, 950]
[580, 615]
[336, 245, 615]
[17, 564, 615]
[245, 951]
[581, 615]
[18, 564, 615]
[615, 360, 222]
[245, 952]
[582, 615]
[338, 245, 615]
[19, 564, 615]
[245, 953]
[583, 615]
[339, 245, 615]
[20, 564, 615]
[224, 615, 360]
[245, 954]
[564, 21, 615]
[225, 615, 360]
[615, 585]
[564, 22, 615]
[226, 615, 360]
[245, 956]
[245, 342, 615]
[564, 23, 615]
[227, 615, 360]
[245, 343, 615]
[564, 615, 24]
[228, 615, 360]
[245, 958]
[615, 588]
[564, 615, 25]
[229, 615, 360]
[615, 589]
[245, 615, 345]
[564, 615, 26]
[230, 615, 360]
[960, 245]
[615, 590]
[245, 615, 346]
[564, 615, 27]
[231, 615, 360]
[961, 245]
[615, 591]
[245, 615, 347]
[564, 615, 28]
[592, 615]
[245, 615, 348]
[564, 615, 29]
[963, 245]
[593, 615]
[245, 615, 349]
[615, 360, 234]
[964, 245]
[594, 615]
[245, 615, 350]
[564, 615, 31]
[245, 965]
[595, 615]
[245, 615, 351]
[32, 564, 615]
[615, 360, 236]
[245, 966]
[596, 615]
[352, 245, 615]
[33, 564, 615]
[615, 360, 237]
[245, 967]
[597, 615]
[34, 564, 615]
[598, 615]
[354, 245, 615]
[35, 564, 615]
[615, 360, 239]
[245, 969]
[355, 245, 615]
[36, 564, 615]
[240, 615, 360]
[245, 970]
[615, 600]
[356, 245, 615]
[564, 37, 615]
[241, 615, 360]
[615, 601]
[245, 357, 615]
[564, 38, 615]
[242, 615, 360]
[245, 972]
[615, 602]
[245, 358, 615]
[564, 39, 615]
[245, 973]
[615, 603]
[564, 615, 40]
[244, 615, 360]
[615, 604]
[245, 615, 360]
[564, 615, 41]
[245, 975]
[615, 605]
[245, 615, 361]
[564, 615, 42]
[246, 615, 360]
[615, 606]
[245, 615, 362]
[564, 615, 43]
[247, 615, 360]
[977, 245]
[245, 615, 363]
[564, 615, 44]
[615, 248, 360]
[978, 245]
[608, 615]
[245, 615, 364]
[564, 615, 45]
[615, 360, 249]
[979, 245]
[609, 615]
[564, 615, 46]
[980, 245]
[610, 615]
[245, 615, 366]
[564, 615, 47]
[245, 981]
[611, 615]
[245, 615, 367]
[48, 564, 615]
[615, 360, 252]
[245, 982]
[612, 615]
[368, 245, 615]
[49, 564, 615]
[245, 983]
[613, 615]
[369, 245, 615]
[615, 360, 254]
[245, 984]
[614, 615]
[370, 245, 615]
[51, 564, 615]
[615, 360, 255]
[245, 985]
[371, 245, 615]
[52, 564, 615]
[256, 615, 360]
[245, 986]
[615, 616]
[372, 245, 615]
[564, 53, 615]
[257, 615, 360]
[615, 617]
[245, 373, 615]
[564, 54, 615]
[258, 615, 360]
[245, 988]
[615, 618]
[245, 374, 615]
[564, 55, 615]
[259, 615, 360]
[245, 989]
[245, 375, 615]
[564, 615, 56]
[245, 990]
[615, 620]
[245, 615, 376]
[564, 615, 57]
[261, 615, 360]
[245, 991]
[245, 615, 377]
[564, 615, 58]
[262, 615, 360]
[992, 245]
[615, 622]
[245, 615, 378]
[564, 615, 59]
[263, 615, 360]
[615, 623]
[245, 615, 379]
[615, 264, 360]
[624, 615]
[20, 245, 615, 360]
[615, 360, 265]
[995, 245]
[245, 615, 381]
[564, 615, 62]
[615, 360, 266]
[626, 615]
[245, 615, 382]
[615, 360, 267]
[245, 997]
[627, 615]
[245, 615, 383]
[64, 564, 615]
[615, 360, 268]
[245, 998]
[628, 615]
[384, 245, 615]
[615, 360, 269]
[245, 999]
[629, 615]
[385, 245, 615]
[66, 564, 615]
[615, 360, 270]
[630, 615]
[67, 564, 615]
[615, 631]
[387, 245, 615]
[68, 564, 615]
[272, 615, 360]
[615, 632]
[388, 245, 615]
[564, 69, 615]
[273, 615, 360]
[615, 633]
[564, 70, 615]
[274, 615, 360]
[615, 634]
[245, 390, 615]
[564, 71, 615]
[275, 615, 360]
[615, 635]
[245, 391, 615]
[564, 615, 72]
[276, 615, 360]
[245, 615, 392]
[564, 615, 73]
[277, 615, 360]
[615, 637]
[564, 615, 74]
[278, 615, 360]
[615, 638]
[245, 615, 394]
[564, 615, 75]
[279, 615, 360]
[615, 639]
[245, 615, 395]
[615, 280, 360]
[640, 615]
[245, 615, 396]
[615, 360, 281]
[641, 615]
[245, 615, 397]
[564, 615, 78]
[615, 360, 282]
[642, 615]
[245, 615, 398]
[615, 360, 283]
[643, 615]
[245, 615, 399]
[80, 564, 615]
[644, 615]
[400, 245, 615]
[81, 564, 615]
[615, 360, 285]
[645, 615]
[401, 245, 615]
[82, 564, 615]
[615, 360, 286]
[402, 245, 615]
[83, 564, 615]
[615, 360, 287]
[615, 647]
[403, 245, 615]
[615, 648]
[564, 85, 615]
[289, 615, 360]
[615, 649]
[245, 405, 615]
[564, 86, 615]
[290, 615, 360]
[615, 650]
[245, 406, 615]
[615, 651]
[245, 407, 615]
[564, 615, 88]
[292, 615, 360]
[615, 652]
[245, 615, 408]
[564, 615, 89]
[293, 615, 360]
[615, 653]
[245, 615, 409]
[564, 615, 90]
[294, 615, 360]
[564, 615, 91]
[295, 615, 360]
[615, 655]
[245, 615, 411]
[615, 296, 360]
[656, 615]
[245, 615, 412]
[564, 615, 93]
[615, 360, 297]
[657, 615]
[245, 615, 413]
[564, 615, 94]
[615, 360, 298]
[658, 615]
[245, 615, 414]
[564, 615, 95]
[615, 360, 299]
[659, 615]
[245, 615, 415]
[96, 564, 615]
[615, 360, 300]
[660, 615]
[97, 564, 615]
[615, 360, 301]
[661, 615]
[417, 245, 615]
[98, 564, 615]
[662, 615]
[418, 245, 615]
[615, 360, 303]
[615, 663]
[419, 245, 615]
[100, 564, 615]
[304, 615, 360]
[564, 101, 615]
[305, 615, 360]
[615, 665]
[245, 421, 615]
[564, 102, 615]
[306, 615, 360]
[615, 666]
[245, 422, 615]
[564, 103, 615]
[307, 615, 360]
[245, 423, 615]
[564, 615, 104]
[308, 615, 360]
[245, 615, 424]
[564, 615, 105]
[309, 615, 360]
[310, 615, 360]
[615, 670]
[245, 615, 426]
[311, 615, 360]
[615, 671]
[245, 615, 427]
[564, 615, 108]
[672, 615]
[245, 615, 428]
[615, 360, 313]
[673, 615]
[245, 615, 429]
[564, 615, 110]
[615, 360, 314]
[674, 615]
[245, 615, 430]
[564, 615, 111]
[615, 360, 315]
[675, 615]
[245, 615, 431]
[112, 564, 615]
[615, 360, 316]
[676, 615]
[432, 245, 615]
[113, 564, 615]
[615, 360, 317]
[677, 615]
[114, 564, 615]
[615, 360, 318]
[678, 615]
[115, 564, 615]
[615, 360, 319]
[615, 679]
[435, 245, 615]
[116, 564, 615]
[320, 615, 360]
[615, 680]
[436, 245, 615]
[564, 117, 615]
[321, 615, 360]
[615, 681]
[245, 437, 615]
[564, 118, 615]
[322, 615, 360]
[615, 682]
[245, 438, 615]
[615, 683]
[245, 439, 615]
[564, 615, 120]
[324, 615, 360]
[615, 684]
[245, 615, 440]
[564, 615, 121]
[325, 615, 360]
[615, 685]
[245, 615, 441]
[564, 615, 122]
[326, 615, 360]
[615, 686]
[245, 615, 442]
[564, 615, 123]
[327, 615, 360]
[615, 687]
[245, 615, 443]
[564, 615, 124]
[615, 328, 360]
[688, 615]
[245, 615, 444]
[564, 615, 125]
[615, 360, 329]
[689, 615]
[564, 615, 126]
[615, 360, 330]
[690, 615]
[564, 615, 127]
[615, 360, 331]
[691, 615]
[245, 615, 447]
[128, 564, 615]
[615, 360, 332]
[692, 615]
[448, 245, 615]
[129, 564, 615]
[615, 360, 333]
[693, 615]
[449, 245, 615]
[130, 564, 615]
[615, 360, 334]
[694, 615]
[450, 245, 615]
[131, 564, 615]
[615, 360, 335]
[615, 695]
[451, 245, 615]
[132, 564, 615]
[336, 615, 360]
[615, 696]
[452, 245, 615]
[615, 697]
[245, 453, 615]
[338, 615, 360]
[615, 698]
[245, 454, 615]
[564, 135, 615]
[339, 615, 360]
[615, 699]
[245, 455, 615]
[564, 615, 136]
[245, 615, 456]
[564, 615, 137]
[615, 701]
[564, 615, 138]
[342, 615, 360]
[615, 702]
[245, 615, 458]
[564, 615, 139]
[343, 615, 360]
[615, 703]
[245, 615, 459]
[564, 615, 140]
[704, 615]
[245, 615, 460]
[564, 615, 141]
[615, 360, 345]
[705, 615]
[245, 615, 461]
[564, 615, 142]
[615, 360, 346]
[706, 615]
[245, 615, 462]
[564, 615, 143]
[615, 360, 347]
[707, 615]
[144, 564, 615]
[615, 360, 348]
[708, 615]
[464, 245, 615]
[145, 564, 615]
[615, 360, 349]
[709, 615]
[465, 245, 615]
[146, 564, 615]
[615, 360, 350]
[710, 615]
[466, 245, 615]
[147, 564, 615]
[615, 360, 351]
[615, 711]
[467, 245, 615]
[352, 615, 360]
[615, 712]
[468, 245, 615]
[615, 713]
[245, 469, 615]
[564, 150, 615]
[354, 615, 360]
[615, 714]
[245, 470, 615]
[564, 151, 615]
[355, 615, 360]
[615, 715]
[245, 471, 615]
[564, 615, 152]
[356, 615, 360]
[615, 716]
[245, 615, 472]
[564, 615, 153]
[357, 615, 360]
[245, 615, 473]
[564, 615, 154]
[358, 615, 360]
[615, 718]
[245, 615, 474]
[564, 615, 155]
[615, 719]
[245, 615, 475]
[564, 615, 156]
[720, 615]
[245, 615, 476]
[564, 615, 157]
[615, 360, 361]
[721, 615]
[245, 615, 477]
[564, 615, 158]
[615, 360, 362]
[722, 615]
[245, 615, 478]
[564, 615, 159]
[615, 360, 363]
[723, 615]
[245, 615, 479]
[160, 564, 615]
[615, 360, 364]
[724, 615]
[480, 245, 615]
[161, 564, 615]
[725, 615]
[245, 615, 360, 121]
[481, 245, 615]
[162, 564, 615]
[615, 360, 366]
[726, 615]
[482, 245, 615]
[163, 564, 615]
[615, 360, 367]
[245, 615, 360, 123]
[483, 245, 615]
[164, 564, 615]
[368, 615, 360]
[484, 245, 615]
[564, 165, 615]
[369, 615, 360]
[615, 729]
[245, 485, 615]
[564, 166, 615]
[370, 615, 360]
[615, 730]
[245, 486, 615]
[564, 167, 615]
[371, 615, 360]
[615, 731]
[245, 487, 615]
[564, 615, 168]
[372, 615, 360]
[615, 732]
[564, 615, 169]
[373, 615, 360]
[615, 733]
[245, 615, 489]
[564, 615, 170]
[374, 615, 360]
[615, 734]
[245, 615, 490]
[564, 615, 171]
[615, 375, 360]
[615, 735]
[245, 615, 491]
[564, 615, 172]
[615, 360, 376]
[736, 615]
[245, 615, 492]
[564, 615, 173]
[615, 360, 377]
[245, 615, 493]
[564, 615, 174]
[615, 360, 378]
[738, 615]
[245, 615, 494]
[564, 615, 175]
[615, 360, 379]
[739, 615]
[245, 615, 495]
[176, 564, 615]
[740, 615]
[496, 245, 615]
[177, 564, 615]
[615, 360, 381]
[741, 615]
[178, 564, 615]
[615, 360, 382]
[742, 615]
[498, 245, 615]
[179, 564, 615]
[615, 360, 383]
[615, 743]
[499, 245, 615]
[180, 564, 615]
[384, 615, 360]
[615, 744]
[500, 245, 615]
[564, 181, 615]
[385, 615, 360]
[615, 745]
[245, 501, 615]
[564, 182, 615]
[615, 746]
[245, 502, 615]
[564, 183, 615]
[387, 615, 360]
[245, 503, 615]
[388, 615, 360]
[245, 615, 504]
[564, 615, 185]
[615, 749]
[245, 615, 505]
[564, 615, 186]
[390, 615, 360]
[615, 750]
[564, 615, 187]
[615, 391, 360]
[615, 751]
[245, 615, 507]
[564, 615, 188]
[615, 360, 392]
[752, 615]
[245, 615, 508]
[564, 615, 189]
[753, 615]
[245, 615, 509]
[564, 615, 190]
[615, 360, 394]
[245, 615, 510]
[564, 615, 191]
[615, 360, 395]
[755, 615]
[245, 615, 511]
[192, 564, 615]
[615, 360, 396]
[512, 245, 615]
[193, 564, 615]
[615, 360, 397]
[757, 615]
[513, 245, 615]
[194, 564, 615]
[615, 360, 398]
[758, 615]
[514, 245, 615]
[615, 360, 399]
[615, 759]
[515, 245, 615]
[196, 564, 615]
[400, 615, 360]
[615, 760]
[516, 245, 615]
[564, 197, 615]
[401, 615, 360]
[245, 517, 615]
[564, 198, 615]
[402, 615, 360]
[615, 762]
[245, 518, 615]
[564, 199, 615]
[403, 615, 360]
[615, 763]
[615, 764]
[245, 615, 520]
[564, 615, 201]
[405, 615, 360]
[615, 765]
[245, 615, 521]
[564, 615, 202]
[406, 615, 360]
[615, 766]
[245, 615, 522]
[564, 615, 203]
[615, 407, 360]
[615, 767]
[0, 768, 615]
[245, 615, 523]
[564, 615, 204]
[615, 360, 408]
[768, 615]
[768, 1, 615]
[245, 615, 524]
[564, 615, 205]
[615, 360, 409]
[769, 615]
[768, 2, 615]
[245, 615, 525]
[564, 615, 206]
[768, 3, 615]
[245, 615, 526]
[564, 615, 207]
[615, 360, 411]
[771, 615]
[768, 4, 615]
[245, 615, 527]
[208, 564, 615]
[615, 360, 412]
[768, 5, 615]
[528, 245, 615]
[209, 564, 615]
[615, 360, 413]
[773, 615]
[245, 615, 360, 169]
[768, 6, 615]
[529, 245, 615]
[210, 564, 615]
[615, 360, 414]
[774, 615]
[768, 7, 615]
[530, 245, 615]
[615, 360, 415]
[615, 775]
[768, 615, 8]
[531, 245, 615]
[212, 564, 615]
[615, 776]
[532, 245, 615]
[564, 213, 615]
[417, 615, 360]
[615, 777]
[768, 615, 10]
[245, 533, 615]
[564, 214, 615]
[418, 615, 360]
[615, 778]
[768, 615, 11]
[245, 534, 615]
[564, 215, 615]
[419, 615, 360]
[615, 779]
[768, 615, 12]
[245, 535, 615]
[564, 615, 216]
[615, 780]
[768, 615, 13]
[245, 615, 536]
[564, 615, 217]
[421, 615, 360]
[615, 781]
[768, 615, 14]
[245, 615, 537]
[564, 615, 218]
[422, 615, 360]
[615, 782]
[768, 615, 15]
[245, 615, 538]
[615, 423, 360]
[615, 783]
[16, 768, 615]
[245, 615, 539]
[564, 615, 220]
[615, 360, 424]
[784, 615]
[768, 17, 615]
[245, 615, 540]
[785, 615]
[768, 18, 615]
[245, 615, 541]
[564, 615, 222]
[615, 360, 426]
[768, 19, 615]
[615, 360, 427]
[787, 615]
[768, 20, 615]
[224, 564, 615]
[615, 360, 428]
[788, 615]
[768, 21, 615]
[544, 245, 615]
[225, 564, 615]
[615, 360, 429]
[789, 615]
[768, 22, 615]
[545, 245, 615]
[226, 564, 615]
[615, 360, 430]
[790, 615]
[768, 23, 615]
[546, 245, 615]
[227, 564, 615]
[615, 360, 431]
[768, 615, 24]
[228, 564, 615]
[432, 615, 360]
[615, 792]
[768, 615, 25]
[548, 245, 615]
[564, 229, 615]
[615, 793]
[768, 615, 26]
[564, 230, 615]
[615, 794]
[768, 615, 27]
[245, 550, 615]
[564, 231, 615]
[435, 615, 360]
[615, 795]
[768, 615, 28]
[245, 551, 615]
[436, 615, 360]
[768, 615, 29]
[245, 615, 552]
[437, 615, 360]
[615, 797]
[245, 615, 553]
[564, 615, 234]
[438, 615, 360]
[615, 798]
[768, 615, 31]
[245, 615, 554]
[615, 439, 360]
[615, 799]
[32, 768, 615]
[564, 615, 236]
[615, 360, 440]
[800, 615]
[768, 33, 615]
[245, 615, 556]
[564, 615, 237]
[615, 360, 441]
[801, 615]
[768, 34, 615]
[245, 615, 557]
[615, 360, 442]
[802, 615]
[768, 35, 615]
[245, 615, 558]
[564, 615, 239]
[615, 360, 443]
[803, 615]
[768, 36, 615]
[240, 564, 615]
[615, 360, 444]
[804, 615]
[768, 37, 615]
[560, 245, 615]
[241, 564, 615]
[805, 615]
[768, 38, 615]
[561, 245, 615]
[242, 564, 615]
[806, 615]
[768, 39, 615]
[562, 245, 615]
[615, 360, 447]
[615, 807]
[768, 615, 40]
[563, 245, 615]
[244, 564, 615]
[448, 615, 360]
[768, 615, 41]
[564, 245, 615]
[449, 615, 360]
[615, 809]
[768, 615, 42]
[245, 565, 615]
[564, 246, 615]
[450, 615, 360]
[615, 810]
[768, 615, 43]
[564, 247, 615]
[451, 615, 360]
[615, 811]
[768, 615, 44]
[245, 567, 615]
[564, 615, 248]
[452, 615, 360]
[615, 812]
[768, 615, 45]
[245, 615, 568]
[564, 615, 249]
[453, 615, 360]
[615, 813]
[768, 615, 46]
[245, 615, 569]
[454, 615, 360]
[615, 814]
[768, 615, 47]
[615, 455, 360]
[615, 815]
[48, 768, 615]
[245, 615, 571]
[564, 615, 252]
[615, 360, 456]
[768, 49, 615]
[245, 615, 572]
[817, 615]
[245, 615, 573]
[564, 615, 254]
[615, 360, 458]
[818, 615]
[768, 51, 615]
[245, 615, 574]
[564, 615, 255]
[615, 360, 459]
[819, 615]
[768, 52, 615]
[245, 615, 575]
[256, 564, 615]
[615, 360, 460]
[820, 615]
[768, 53, 615]
[576, 245, 615]
[257, 564, 615]
[615, 360, 461]
[821, 615]
[768, 54, 615]
[577, 245, 615]
[258, 564, 615]
[615, 360, 462]
[822, 615]
[768, 55, 615]
[578, 245, 615]
[259, 564, 615]
[615, 823]
[768, 615, 56]
[579, 245, 615]
[464, 615, 360]
[615, 824]
[768, 615, 57]
[580, 245, 615]
[564, 261, 615]
[465, 615, 360]
[615, 825]
[768, 615, 58]
[245, 581, 615]
[564, 262, 615]
[466, 615, 360]
[615, 826]
[768, 615, 59]
[245, 582, 615]
[564, 263, 615]
[467, 615, 360]
[615, 827]
[245, 583, 615]
[564, 615, 264]
[468, 615, 360]
[615, 828]
[564, 615, 265]
[469, 615, 360]
[615, 829]
[768, 615, 62]
[245, 615, 585]
[564, 615, 266]
[470, 615, 360]
[615, 830]
[564, 615, 267]
[615, 471, 360]
[615, 831]
[64, 768, 615]
[564, 615, 268]
[615, 360, 472]
[832, 615]
[245, 615, 588]
[564, 615, 269]
[615, 360, 473]
[833, 615]
[768, 66, 615]
[245, 615, 589]
[564, 615, 270]
[615, 360, 474]
[834, 615]
[768, 67, 615]
[245, 615, 590]
[615, 360, 475]
[835, 615]
[768, 68, 615]
[245, 615, 591]
[272, 564, 615]
[615, 360, 476]
[768, 69, 615]
[592, 245, 615]
[273, 564, 615]
[615, 360, 477]
[837, 615]
[768, 70, 615]
[593, 245, 615]
[274, 564, 615]
[615, 360, 478]
[838, 615]
[768, 71, 615]
[594, 245, 615]
[275, 564, 615]
[615, 360, 479]
[615, 839]
[768, 615, 72]
[595, 245, 615]
[276, 564, 615]
[480, 615, 360]
[615, 840]
[768, 615, 73]
[596, 245, 615]
[564, 277, 615]
[481, 615, 360]
[615, 841]
[768, 615, 74]
[245, 597, 615]
[564, 278, 615]
[482, 615, 360]
[615, 842]
[768, 615, 75]
[245, 598, 615]
[564, 279, 615]
[483, 615, 360]
[615, 843]
[564, 615, 280]
[484, 615, 360]
[615, 844]
[245, 615, 600]
[564, 615, 281]
[485, 615, 360]
[615, 845]
[768, 615, 78]
[245, 615, 601]
[564, 615, 282]
[486, 615, 360]
[615, 846]
[245, 615, 602]
[564, 615, 283]
[615, 487, 360]
[615, 847]
[80, 768, 615]
[245, 615, 603]
[768, 81, 615]
[245, 615, 604]
[564, 615, 285]
[615, 360, 489]
[849, 615]
[768, 82, 615]
[245, 615, 605]
[564, 615, 286]
[615, 360, 490]
[768, 83, 615]
[245, 615, 606]
[564, 615, 287]
[615, 360, 491]
[851, 615]
[615, 360, 492]
[852, 615]
[768, 85, 615]
[608, 245, 615]
[289, 564, 615]
[615, 360, 493]
[853, 615]
[768, 86, 615]
[609, 245, 615]
[290, 564, 615]
[615, 360, 494]
[854, 615]
[610, 245, 615]
[615, 360, 495]
[615, 855]
[768, 615, 88]
[611, 245, 615]
[292, 564, 615]
[496, 615, 360]
[615, 856]
[768, 615, 89]
[612, 245, 615]
[564, 293, 615]
[615, 857]
[768, 615, 90]
[245, 613, 615]
[564, 294, 615]
[498, 615, 360]
[615, 858]
[768, 615, 91]
[245, 614, 615]
[564, 295, 615]
[499, 615, 360]
[615, 859]
[564, 615, 296]
[500, 615, 360]
[615, 860]
[768, 615, 93]
[245, 615, 616]
[564, 615, 297]
[501, 615, 360]
[768, 615, 94]
[245, 615, 617]
[502, 615, 360]
[564, 615, 298]
[615, 862]
[768, 615, 95]
[245, 615, 618]
[564, 615, 299]
[615, 503, 360]
[96, 768, 615]
[245, 615, 619]
[564, 615, 300]
[615, 360, 504]
[864, 615]
[768, 97, 615]
[245, 615, 620]
[564, 615, 301]
[615, 360, 505]
[865, 615]
[768, 98, 615]
[866, 615]
[245, 615, 622]
[564, 615, 303]
[615, 360, 507]
[867, 615]
[768, 100, 615]
[245, 615, 623]
[304, 564, 615]
[615, 360, 508]
[868, 615]
[768, 101, 615]
[624, 245, 615]
[305, 564, 615]
[615, 360, 509]
[869, 615]
[768, 102, 615]
[306, 564, 615]
[615, 360, 510]
[768, 103, 615]
[626, 245, 615]
[307, 564, 615]
[615, 360, 511]
[615, 871]
[768, 615, 104]
[627, 245, 615]
[308, 564, 615]
[512, 615, 360]
[615, 872]
[768, 615, 105]
[628, 245, 615]
[564, 309, 615]
[513, 615, 360]
[245, 629, 615]
[564, 310, 615]
[514, 615, 360]
[615, 874]
[245, 630, 615]
[564, 311, 615]
[515, 615, 360]
[768, 615, 108]
[245, 615, 631]
[516, 615, 360]
[615, 876]
[245, 615, 632]
[564, 615, 313]
[517, 615, 360]
[615, 877]
[768, 615, 110]
[245, 615, 633]
[564, 615, 314]
[518, 615, 360]
[615, 878]
[768, 615, 111]
[245, 615, 634]
[564, 615, 315]
[615, 879]
[112, 768, 615]
[245, 615, 635]
[564, 615, 316]
[615, 360, 520]
[880, 615]
[768, 113, 615]
[564, 615, 317]
[615, 360, 521]
[881, 615]
[768, 114, 615]
[245, 615, 637]
[564, 615, 318]
[615, 360, 522]
[882, 615]
[768, 115, 615]
[245, 615, 638]
[564, 615, 319]
[615, 360, 523]
[883, 615]
[768, 116, 615]
[245, 615, 639]
[320, 564, 615]
[615, 360, 524]
[884, 615]
[768, 117, 615]
[640, 245, 615]
[321, 564, 615]
[615, 360, 525]
[885, 615]
[768, 118, 615]
[641, 245, 615]
[322, 564, 615]
[615, 360, 526]
[886, 615]
[245, 615, 360, 282]
[642, 245, 615]
[615, 360, 527]
[615, 887]
[768, 615, 120]
[643, 245, 615]
[324, 564, 615]
[528, 615, 360]
[615, 888]
[768, 615, 121]
[644, 245, 615]
[564, 325, 615]
[529, 615, 360]
[615, 889]
[768, 615, 122]
[245, 645, 615]
[564, 326, 615]
[530, 615, 360]
[615, 890]
[768, 615, 123]
[564, 327, 615]
[531, 615, 360]
[615, 891]
[768, 615, 124]
[245, 615, 647]
[564, 615, 328]
[532, 615, 360]
[615, 892]
[768, 615, 125]
[245, 615, 648]
[564, 615, 329]
[533, 615, 360]
[615, 893]
[768, 615, 126]
[245, 615, 649]
[564, 615, 330]
[534, 615, 360]
[615, 894]
[768, 615, 127]
[245, 615, 650]
[564, 615, 331]
[615, 535, 360]
[615, 895]
[128, 768, 615]
[245, 615, 651]
[564, 615, 332]
[615, 360, 536]
[896, 615]
[768, 129, 615]
[245, 615, 652]
[564, 615, 333]
[615, 360, 537]
[897, 615]
[768, 130, 615]
[245, 615, 653]
[564, 615, 334]
[615, 360, 538]
[898, 615]
[768, 131, 615]
[564, 615, 335]
[615, 360, 539]
[899, 615]
[768, 132, 615]
[245, 615, 655]
[336, 564, 615]
[615, 360, 540]
[900, 615]
[656, 245, 615]
[615, 360, 541]
[901, 615]
[245, 615, 360, 297]
[657, 245, 615]
[338, 564, 615]
[902, 615]
[768, 135, 615]
[658, 245, 615]
[339, 564, 615]
[615, 903]
[768, 615, 136]
[659, 245, 615]
[544, 615, 360]
[615, 904]
[768, 615, 137]
[660, 245, 615]
[545, 615, 360]
[615, 905]
[768, 615, 138]
[245, 661, 615]
[564, 342, 615]
[546, 615, 360]
[615, 906]
[768, 615, 139]
[245, 662, 615]
[564, 343, 615]
[768, 615, 140]
[245, 615, 663]
[548, 615, 360]
[768, 615, 141]
[564, 615, 345]
[615, 909]
[768, 615, 142]
[245, 615, 665]
[564, 615, 346]
[550, 615, 360]
[615, 910]
[768, 615, 143]
[245, 615, 666]
[564, 615, 347]
[615, 551, 360]
[615, 911]
[144, 768, 615]
[564, 615, 348]
[615, 360, 552]
[912, 615]
[768, 145, 615]
[564, 615, 349]
[615, 360, 553]
[913, 615]
[768, 146, 615]
[564, 615, 350]
[615, 360, 554]
[914, 615]
[768, 147, 615]
[245, 615, 670]
[564, 615, 351]
[915, 615]
[245, 615, 671]
[352, 564, 615]
[615, 360, 556]
[916, 615]
[672, 245, 615]
[615, 360, 557]
[917, 615]
[768, 150, 615]
[673, 245, 615]
[354, 564, 615]
[615, 360, 558]
[918, 615]
[768, 151, 615]
[674, 245, 615]
[355, 564, 615]
[615, 919]
[768, 615, 152]
[675, 245, 615]
[356, 564, 615]
[560, 615, 360]
[615, 920]
[768, 615, 153]
[676, 245, 615]
[564, 357, 615]
[561, 615, 360]
[615, 921]
[768, 615, 154]
[245, 677, 615]
[564, 358, 615]
[562, 615, 360]
[615, 922]
[768, 615, 155]
[245, 678, 615]
[563, 615, 360]
[615, 923]
[768, 615, 156]
[245, 615, 679]
[564, 615, 360]
[768, 615, 157]
[245, 615, 680]
[565, 615, 360]
[564, 615, 361]
[615, 925]
[768, 615, 158]
[245, 615, 681]
[564, 615, 362]
[615, 926]
[768, 615, 159]
[245, 615, 682]
[615, 567, 360]
[564, 615, 363]
[615, 927]
[160, 768, 615]
[245, 615, 683]
[615, 360, 568]
[564, 615, 364]
[928, 615]
[768, 161, 615]
[245, 615, 684]
[615, 360, 569]
[768, 162, 615]
[245, 615, 685]
[564, 615, 366]
[930, 615]
[768, 163, 615]
[245, 615, 686]
[615, 360, 571]
[564, 615, 367]
[931, 615]
[768, 164, 615]
[245, 615, 687]
[615, 360, 572]
[368, 564, 615]
[932, 615]
[768, 165, 615]
[688, 245, 615]
[615, 360, 573]
[369, 564, 615]
[933, 615]
[768, 166, 615]
[689, 245, 615]
[615, 360, 574]
[370, 564, 615]
[934, 615]
[768, 167, 615]
[690, 245, 615]
[615, 360, 575]
[371, 564, 615]
[615, 935]
[768, 615, 168]
[691, 245, 615]
[576, 615, 360]
[372, 564, 615]
[615, 936]
[768, 615, 169]
[692, 245, 615]
[577, 615, 360]
[564, 373, 615]
[615, 937]
[768, 615, 170]
[245, 693, 615]
[578, 615, 360]
[564, 374, 615]
[615, 938]
[768, 615, 171]
[245, 694, 615]
[579, 615, 360]
[564, 375, 615]
[615, 939]
[768, 615, 172]
[245, 615, 695]
[580, 615, 360]
[564, 615, 376]
[615, 940]
[768, 615, 173]
[245, 615, 696]
[581, 615, 360]
[564, 615, 377]
[615, 941]
[768, 615, 174]
[245, 615, 697]
[582, 615, 360]
[564, 615, 378]
[615, 942]
[768, 615, 175]
[245, 615, 698]
[615, 583, 360]
[564, 615, 379]
[615, 943]
[176, 768, 615]
[245, 615, 699]
[944, 615]
[768, 177, 615]
[615, 360, 585]
[564, 615, 381]
[945, 615]
[768, 178, 615]
[245, 615, 701]
[564, 615, 382]
[946, 615]
[768, 179, 615]
[245, 615, 702]
[564, 615, 383]
[947, 615]
[768, 180, 615]
[245, 615, 703]
[615, 360, 588]
[384, 564, 615]
[948, 615]
[768, 181, 615]
[704, 245, 615]
[615, 360, 589]
[385, 564, 615]
[949, 615]
[768, 182, 615]
[705, 245, 615]
[615, 360, 590]
[950, 615]
[768, 183, 615]
[706, 245, 615]
[615, 360, 591]
[387, 564, 615]
[615, 951]
[707, 245, 615]
[592, 615, 360]
[388, 564, 615]
[615, 952]
[768, 615, 185]
[708, 245, 615]
[593, 615, 360]
[615, 953]
[768, 615, 186]
[245, 709, 615]
[594, 615, 360]
[564, 390, 615]
[615, 954]
[768, 615, 187]
[245, 710, 615]
[595, 615, 360]
[564, 391, 615]
[768, 615, 188]
[245, 615, 711]
[596, 615, 360]
[564, 615, 392]
[454, 502, 615]
[615, 956]
[768, 615, 189]
[245, 615, 712]
[597, 615, 360]
[768, 615, 190]
[245, 615, 713]
[598, 615, 360]
[564, 615, 394]
[615, 958]
[768, 615, 191]
[245, 615, 714]
[564, 615, 395]
[615, 959]
[192, 768, 615]
[245, 615, 715]
[615, 360, 600]
[564, 615, 396]
[960, 615]
[768, 193, 615]
[245, 615, 716]
[615, 360, 601]
[564, 615, 397]
[961, 615]
[768, 194, 615]
[615, 360, 602]
[564, 615, 398]
[245, 615, 718]
[615, 360, 603]
[564, 615, 399]
[963, 615]
[768, 196, 615]
[245, 615, 719]
[615, 360, 604]
[400, 564, 615]
[964, 615]
[768, 197, 615]
[720, 245, 615]
[615, 360, 605]
[401, 564, 615]
[965, 615]
[768, 198, 615]
[721, 245, 615]
[615, 360, 606]
[402, 564, 615]
[966, 615]
[768, 199, 615]
[722, 245, 615]
[403, 564, 615]
[615, 967]
[245, 615, 360, 363]
[723, 245, 615]
[608, 615, 360]
[768, 615, 201]
[724, 245, 615]
[609, 615, 360]
[564, 405, 615]
[615, 969]
[768, 615, 202]
[245, 725, 615]
[610, 615, 360]
[564, 406, 615]
[615, 970]
[768, 615, 203]
[245, 726, 615]
[611, 615, 360]
[564, 407, 615]
[768, 615, 204]
[612, 615, 360]
[564, 615, 408]
[615, 972]
[768, 615, 205]
[613, 615, 360]
[564, 615, 409]
[615, 973]
[768, 615, 206]
[245, 615, 729]
[614, 615, 360]
[768, 615, 207]
[245, 615, 730]
[564, 615, 411]
[615, 975]
[208, 768, 615]
[245, 615, 731]
[615, 360, 616]
[564, 615, 412]
[768, 209, 615]
[245, 615, 732]
[615, 360, 617]
[564, 615, 413]
[977, 615]
[768, 210, 615]
[245, 615, 733]
[615, 360, 618]
[564, 615, 414]
[978, 615]
[245, 615, 734]
[615, 360, 619]
[564, 615, 415]
[979, 615]
[768, 212, 615]
[245, 615, 735]
[615, 360, 620]
[980, 615]
[768, 213, 615]
[736, 245, 615]
[417, 564, 615]
[981, 615]
[768, 214, 615]
[615, 360, 622]
[418, 564, 615]
[982, 615]
[768, 215, 615]
[738, 245, 615]
[615, 360, 623]
[419, 564, 615]
[615, 983]
[768, 615, 216]
[739, 245, 615]
[624, 615, 360]
[615, 984]
[768, 615, 217]
[740, 245, 615]
[564, 421, 615]
[615, 985]
[768, 615, 218]
[245, 741, 615]
[626, 615, 360]
[564, 422, 615]
[615, 986]
[245, 742, 615]
[627, 615, 360]
[564, 423, 615]
[768, 615, 220]
[245, 615, 743]
[628, 615, 360]
[564, 615, 424]
[615, 988]
[245, 615, 744]
[629, 615, 360]
[615, 989]
[768, 615, 222]
[245, 615, 745]
[630, 615, 360]
[564, 615, 426]
[615, 990]
[245, 615, 746]
[615, 631, 360]
[564, 615, 427]
[615, 991]
[224, 768, 615]
[615, 360, 632]
[564, 615, 428]
[992, 615]
[768, 225, 615]
[615, 360, 633]
[564, 615, 429]
[768, 226, 615]
[245, 615, 749]
[615, 360, 634]
[564, 615, 430]
[994, 615]
[768, 227, 615]
[245, 615, 750]
[615, 360, 635]
[564, 615, 431]
[995, 615]
[768, 228, 615]
[245, 615, 751]
[432, 564, 615]
[768, 229, 615]
[752, 245, 615]
[615, 360, 637]
[997, 615]
[768, 230, 615]
[753, 245, 615]
[615, 360, 638]
[998, 615]
[768, 231, 615]
[615, 360, 639]
[435, 564, 615]
[615, 999]
[755, 245, 615]
[640, 615, 360]
[436, 564, 615]
[641, 615, 360]
[564, 437, 615]
[768, 615, 234]
[245, 757, 615]
[642, 615, 360]
[564, 438, 615]
[245, 758, 615]
[643, 615, 360]
[564, 439, 615]
[768, 615, 236]
[245, 615, 759]
[644, 615, 360]
[564, 615, 440]
[768, 615, 237]
[245, 615, 760]
[645, 615, 360]
[564, 615, 441]
[564, 615, 442]
[768, 615, 239]
[245, 615, 762]
[615, 647, 360]
[564, 615, 443]
[240, 768, 615]
[245, 615, 763]
[615, 360, 648]
[564, 615, 444]
[768, 241, 615]
[245, 615, 764]
[615, 360, 649]
[768, 242, 615]
[245, 615, 765]
[615, 360, 650]
[245, 615, 766]
[615, 360, 651]
[564, 615, 447]
[768, 244, 615]
[245, 615, 767]
[615, 360, 652]
[448, 564, 615]
[0, 768, 245, 615]
[768, 245, 615]
[615, 360, 653]
[449, 564, 615]
[768, 1, 245, 615]
[769, 245, 615]
[768, 246, 615]
[450, 564, 615]
[768, 2, 245, 615]
[768, 247, 615]
[615, 360, 655]
[451, 564, 615]
[768, 3, 245, 615]
[771, 245, 615]
[768, 615, 248]
[656, 615, 360]
[452, 564, 615]
[768, 4, 245, 615]
[768, 615, 249]
[657, 615, 360]
[564, 453, 615]
[768, 5, 245, 615]
[245, 773, 615]
[658, 615, 360]
[564, 454, 615]
[768, 245, 6, 615]
[245, 774, 615]
[659, 615, 360]
[564, 455, 615]
[768, 245, 7, 615]
[245, 615, 775]
[768, 615, 252]
[660, 615, 360]
[564, 615, 456]
[768, 245, 615, 8]
[245, 615, 776]
[661, 615, 360]
[245, 615, 777]
[768, 615, 254]
[662, 615, 360]
[564, 615, 458]
[768, 245, 615, 10]
[245, 615, 778]
[768, 615, 255]
[615, 663, 360]
[564, 615, 459]
[768, 245, 615, 11]
[245, 615, 779]
[256, 768, 615]
[564, 615, 460]
[768, 245, 615, 12]
[245, 615, 780]
[768, 257, 615]
[615, 360, 665]
[564, 615, 461]
[768, 245, 615, 13]
[245, 615, 781]
[768, 258, 615]
[615, 360, 666]
[564, 615, 462]
[768, 245, 615, 14]
[245, 615, 782]
[768, 259, 615]
[768, 245, 615, 15]
[245, 615, 783]
[464, 564, 615]
[16, 768, 245, 615]
[784, 245, 615]
[768, 261, 615]
[465, 564, 615]
[768, 17, 245, 615]
[785, 245, 615]
[768, 262, 615]
[615, 360, 670]
[466, 564, 615]
[768, 18, 245, 615]
[768, 263, 615]
[615, 360, 671]
[467, 564, 615]
[768, 19, 245, 615]
[787, 245, 615]
[768, 615, 264]
[672, 615, 360]
[468, 564, 615]
[768, 20, 245, 615]
[788, 245, 615]
[768, 615, 265]
[673, 615, 360]
[564, 469, 615]
[768, 21, 245, 615]
[245, 789, 615]
[768, 615, 266]
[674, 615, 360]
[564, 470, 615]
[768, 245, 22, 615]
[245, 790, 615]
[768, 615, 267]
[675, 615, 360]
[564, 471, 615]
[768, 245, 23, 615]
[245, 615, 360, 431]
[768, 615, 268]
[676, 615, 360]
[564, 615, 472]
[768, 245, 615, 24]
[245, 615, 792]
[768, 615, 269]
[677, 615, 360]
[564, 615, 473]
[768, 245, 615, 25]
[245, 615, 793]
[768, 615, 270]
[678, 615, 360]
[564, 615, 474]
[768, 245, 615, 26]
[245, 615, 794]
[615, 679, 360]
[564, 615, 475]
[768, 245, 615, 27]
[245, 615, 795]
[272, 768, 615]
[615, 360, 680]
[564, 615, 476]
[768, 245, 615, 28]
[768, 273, 615]
[615, 360, 681]
[564, 615, 477]
[768, 245, 615, 29]
[245, 615, 797]
[768, 274, 615]
[615, 360, 682]
[564, 615, 478]
[245, 615, 798]
[768, 275, 615]
[615, 360, 683]
[564, 615, 479]
[768, 245, 615, 31]
[245, 615, 799]
[768, 276, 615]
[615, 360, 684]
[480, 564, 615]
[32, 768, 245, 615]
[800, 245, 615]
[768, 277, 615]
[615, 360, 685]
[481, 564, 615]
[768, 33, 245, 615]
[801, 245, 615]
[768, 278, 615]
[615, 360, 686]
[482, 564, 615]
[768, 34, 245, 615]
[802, 245, 615]
[768, 279, 615]
[615, 360, 687]
[483, 564, 615]
[768, 35, 245, 615]
[803, 245, 615]
[768, 615, 280]
[688, 615, 360]
[484, 564, 615]
[768, 36, 245, 615]
[804, 245, 615]
[768, 615, 281]
[689, 615, 360]
[564, 485, 615]
[768, 37, 245, 615]
[245, 805, 615]
[768, 615, 282]
[690, 615, 360]
[564, 486, 615]
[768, 245, 38, 615]
[245, 806, 615]
[768, 615, 283]
[691, 615, 360]
[564, 487, 615]
[768, 245, 39, 615]
[245, 615, 807]
[692, 615, 360]
[768, 245, 615, 40]
[768, 615, 285]
[693, 615, 360]
[564, 615, 489]
[768, 245, 615, 41]
[245, 615, 809]
[768, 615, 286]
[694, 615, 360]
[564, 615, 490]
[768, 245, 615, 42]
[245, 615, 810]
[768, 615, 287]
[615, 695, 360]
[564, 615, 491]
[768, 245, 615, 43]
[245, 615, 811]
[615, 360, 696]
[564, 615, 492]
[768, 245, 615, 44]
[245, 615, 812]
[768, 289, 615]
[615, 360, 697]
[564, 615, 493]
[768, 245, 615, 45]
[245, 615, 813]
[768, 290, 615]
[615, 360, 698]
[564, 615, 494]
[768, 245, 615, 46]
[245, 454, 615, 360]
[245, 615, 814]
[615, 360, 699]
[564, 615, 495]
[768, 245, 615, 47]
[245, 615, 815]
[768, 292, 615]
[496, 564, 615]
[48, 768, 245, 615]
[768, 293, 615]
[615, 360, 701]
[768, 49, 245, 615]
[817, 245, 615]
[768, 294, 615]
[615, 360, 702]
[498, 564, 615]
[818, 245, 615]
[768, 295, 615]
[615, 360, 703]
[499, 564, 615]
[768, 51, 245, 615]
[819, 245, 615]
[768, 615, 296]
[704, 615, 360]
[500, 564, 615]
[768, 52, 245, 615]
[820, 245, 615]
[768, 615, 297]
[705, 615, 360]
[564, 501, 615]
[768, 53, 245, 615]
[245, 821, 615]
[768, 615, 298]
[706, 615, 360]
[564, 502, 615]
[768, 245, 54, 615]
[245, 822, 615]
[768, 615, 299]
[707, 615, 360]
[564, 503, 615]
[768, 245, 55, 615]
[245, 615, 823]
[768, 615, 300]
[708, 615, 360]
[564, 615, 504]
[768, 245, 615, 56]
[245, 615, 824]
[768, 615, 301]
[709, 615, 360]
[564, 615, 505]
[768, 245, 615, 57]
[245, 615, 825]
[710, 615, 360]
[768, 245, 615, 58]
[245, 615, 826]
[768, 615, 303]
[615, 711, 360]
[564, 615, 507]
[768, 245, 615, 59]
[245, 615, 827]
[304, 768, 615]
[615, 360, 712]
[564, 615, 508]
[245, 615, 828]
[768, 305, 615]
[615, 360, 713]
[564, 615, 509]
[245, 615, 829]
[768, 306, 615]
[615, 360, 714]
[564, 615, 510]
[768, 245, 615, 62]
[245, 615, 830]
[768, 307, 615]
[615, 360, 715]
[564, 615, 511]
[245, 615, 831]
[768, 308, 615]
[615, 360, 716]
[512, 564, 615]
[64, 768, 245, 615]
[832, 245, 615]
[768, 309, 615]
[513, 564, 615]
[245, 615, 360, 473]
[833, 245, 615]
[768, 310, 615]
[615, 360, 718]
[514, 564, 615]
[768, 66, 245, 615]
[834, 245, 615]
[768, 311, 615]
[615, 360, 719]
[515, 564, 615]
[768, 67, 245, 615]
[835, 245, 615]
[720, 615, 360]
[516, 564, 615]
[768, 68, 245, 615]
[768, 615, 313]
[721, 615, 360]
[564, 517, 615]
[768, 69, 245, 615]
[245, 837, 615]
[768, 615, 314]
[722, 615, 360]
[564, 518, 615]
[768, 245, 70, 615]
[245, 838, 615]
[768, 615, 315]
[723, 615, 360]
[768, 245, 71, 615]
[245, 615, 360, 479]
[245, 615, 839]
[768, 615, 316]
[724, 615, 360]
[564, 615, 520]
[768, 245, 615, 72]
[245, 615, 840]
[768, 615, 317]
[725, 615, 360]
[564, 615, 521]
[768, 245, 615, 73]
[245, 615, 841]
[768, 615, 318]
[726, 615, 360]
[564, 615, 522]
[768, 245, 615, 74]
[245, 615, 842]
[768, 615, 319]
[564, 615, 523]
[768, 245, 615, 75]
[245, 615, 843]
[320, 768, 615]
[564, 615, 524]
[245, 615, 844]
[768, 321, 615]
[615, 360, 729]
[564, 615, 525]
[245, 615, 845]
[768, 322, 615]
[615, 360, 730]
[564, 615, 526]
[768, 245, 615, 78]
[245, 615, 846]
[615, 360, 731]
[564, 615, 527]
[245, 615, 847]
[768, 324, 615]
[615, 360, 732]
[528, 564, 615]
[80, 768, 245, 615]
[768, 325, 615]
[615, 360, 733]
[529, 564, 615]
[768, 81, 245, 615]
[849, 245, 615]
[768, 326, 615]
[615, 360, 734]
[530, 564, 615]
[768, 82, 245, 615]
[850, 245, 615]
[768, 327, 615]
[615, 360, 735]
[531, 564, 615]
[768, 83, 245, 615]
[851, 245, 615]
[768, 615, 328]
[736, 615, 360]
[532, 564, 615]
[852, 245, 615]
[768, 615, 329]
[564, 533, 615]
[768, 85, 245, 615]
[245, 853, 615]
[768, 615, 330]
[738, 615, 360]
[564, 534, 615]
[768, 245, 86, 615]
[245, 854, 615]
[768, 615, 331]
[739, 615, 360]
[564, 535, 615]
[245, 615, 855]
[768, 615, 332]
[740, 615, 360]
[564, 615, 536]
[768, 245, 615, 88]
[245, 615, 856]
[768, 615, 333]
[741, 615, 360]
[564, 615, 537]
[768, 245, 615, 89]
[245, 615, 857]
[768, 615, 334]
[742, 615, 360]
[564, 615, 538]
[768, 245, 615, 90]
[245, 615, 858]
[768, 615, 335]
[615, 743, 360]
[564, 615, 539]
[768, 245, 615, 91]
[245, 615, 859]
[336, 768, 615]
[615, 360, 744]
[564, 615, 540]
[245, 615, 860]
[615, 360, 745]
[564, 615, 541]
[768, 245, 615, 93]
[768, 338, 615]
[615, 360, 746]
[768, 245, 615, 94]
[245, 502, 615, 360]
[245, 615, 862]
[768, 339, 615]
[768, 245, 615, 95]
[544, 564, 615]
[96, 768, 245, 615]
[864, 245, 615]
[615, 360, 749]
[545, 564, 615]
[768, 97, 245, 615]
[865, 245, 615]
[768, 342, 615]
[615, 360, 750]
[546, 564, 615]
[768, 98, 245, 615]
[866, 245, 615]
[768, 343, 615]
[615, 360, 751]
[867, 245, 615]
[752, 615, 360]
[548, 564, 615]
[768, 100, 245, 615]
[868, 245, 615]
[768, 615, 345]
[753, 615, 360]
[768, 101, 245, 615]
[245, 869, 615]
[768, 615, 346]
[564, 550, 615]
[768, 245, 102, 615]
[245, 870, 615]
[768, 615, 347]
[755, 615, 360]
[564, 551, 615]
[768, 245, 103, 615]
[245, 615, 871]
[768, 615, 348]
[564, 615, 552]
[768, 245, 615, 104]
[245, 615, 872]
[768, 615, 349]
[757, 615, 360]
[564, 615, 553]
[768, 245, 615, 105]
[768, 615, 350]
[758, 615, 360]
[564, 615, 554]
[245, 615, 874]
[768, 615, 351]
[615, 759, 360]
[352, 768, 615]
[615, 360, 760]
[564, 615, 556]
[768, 245, 615, 108]
[245, 615, 876]
[502, 615, 619]
[564, 615, 557]
[245, 615, 877]
[768, 354, 615]
[615, 360, 762]
[564, 615, 558]
[768, 245, 615, 110]
[245, 615, 878]
[768, 355, 615]
[615, 360, 763]
[768, 245, 615, 111]
[245, 615, 879]
[768, 356, 615]
[615, 360, 764]
[560, 564, 615]
[112, 768, 245, 615]
[880, 245, 615]
[768, 357, 615]
[615, 360, 765]
[561, 564, 615]
[768, 113, 245, 615]
[881, 245, 615]
[768, 358, 615]
[615, 360, 766]
[562, 564, 615]
[768, 114, 245, 615]
[882, 245, 615]
[615, 360, 767]
[563, 564, 615]
[768, 115, 245, 615]
[883, 245, 615]
[768, 615, 360]
[768, 116, 245, 615]
[884, 245, 615]
[769, 615, 360]
[768, 615, 361]
[564, 565, 615]
[768, 117, 245, 615]
[245, 885, 615]
[768, 615, 362]
[768, 245, 118, 615]
[245, 886, 615]
[771, 615, 360]
[768, 615, 363]
[564, 615, 567]
[245, 615, 887]
[768, 615, 364]
[564, 615, 568]
[768, 245, 615, 120]
[245, 615, 888]
[773, 615, 360]
[564, 615, 569]
[768, 245, 615, 121]
[245, 615, 889]
[774, 615, 360]
[768, 615, 366]
[768, 245, 615, 122]
[245, 615, 890]
[615, 775, 360]
[768, 615, 367]
[564, 615, 571]
[768, 245, 615, 123]
[245, 615, 891]
[615, 360, 776]
[368, 768, 615]
[564, 615, 572]
[768, 245, 615, 124]
[245, 615, 892]
[615, 360, 777]
[768, 369, 615]
[564, 615, 573]
[768, 245, 615, 125]
[245, 615, 893]
[615, 360, 778]
[768, 370, 615]
[564, 615, 574]
[768, 245, 615, 126]
[245, 615, 894]
[615, 360, 779]
[768, 371, 615]
[564, 615, 575]
[768, 245, 615, 127]
[245, 615, 895]
[615, 360, 780]
[768, 372, 615]
[576, 564, 615]
[128, 768, 245, 615]
[896, 245, 615]
[615, 360, 781]
[768, 373, 615]
[577, 564, 615]
[768, 129, 245, 615]
[897, 245, 615]
[615, 360, 782]
[768, 374, 615]
[578, 564, 615]
[768, 130, 245, 615]
[898, 245, 615]
[615, 360, 783]
[768, 375, 615]
[579, 564, 615]
[768, 131, 245, 615]
[899, 245, 615]
[784, 615, 360]
[768, 615, 376]
[564, 580, 615]
[768, 132, 245, 615]
[900, 245, 615]
[785, 615, 360]
[768, 615, 377]
[564, 581, 615]
[245, 901, 615]
[768, 615, 378]
[564, 582, 615]
[245, 902, 615]
[787, 615, 360]
[768, 615, 379]
[564, 615, 583]
[768, 245, 135, 615]
[245, 615, 903]
[788, 615, 360]
[768, 245, 615, 136]
[245, 615, 904]
[789, 615, 360]
[768, 615, 381]
[564, 615, 585]
[768, 245, 615, 137]
[245, 615, 905]
[790, 615, 360]
[768, 615, 382]
[768, 245, 615, 138]
[245, 615, 906]
[768, 615, 383]
[768, 245, 615, 139]
[615, 360, 792]
[384, 768, 615]
[564, 615, 588]
[768, 245, 615, 140]
[615, 360, 793]
[768, 385, 615]
[564, 615, 589]
[768, 245, 615, 141]
[245, 615, 909]
[615, 360, 794]
[564, 615, 590]
[768, 245, 615, 142]
[245, 615, 910]
[615, 360, 795]
[768, 387, 615]
[564, 615, 591]
[768, 245, 615, 143]
[245, 615, 911]
[768, 388, 615]
[592, 564, 615]
[144, 768, 245, 615]
[912, 245, 615]
[615, 360, 797]
[593, 564, 615]
[768, 145, 245, 615]
[913, 245, 615]
[615, 360, 798]
[768, 390, 615]
[594, 564, 615]
[768, 146, 245, 615]
[914, 245, 615]
[615, 360, 799]
[768, 391, 615]
[595, 564, 615]
[768, 147, 245, 615]
[915, 245, 615]
[800, 615, 360]
[768, 615, 392]
[564, 596, 615]
[916, 245, 615]
[801, 615, 360]
[564, 597, 615]
[245, 917, 615]
[802, 615, 360]
[768, 615, 394]
[564, 598, 615]
[768, 245, 150, 615]
[245, 918, 615]
[803, 615, 360]
[768, 615, 395]
[768, 245, 151, 615]
[245, 615, 919]
[804, 615, 360]
[768, 615, 396]
[564, 615, 600]
[768, 245, 615, 152]
[245, 615, 920]
[805, 615, 360]
[768, 615, 397]
[564, 615, 601]
[768, 245, 615, 153]
[245, 615, 921]
[806, 615, 360]
[768, 615, 398]
[564, 615, 602]
[768, 245, 615, 154]
[245, 615, 922]
[615, 807, 360]
[768, 615, 399]
[564, 615, 603]
[768, 245, 615, 155]
[245, 615, 923]
[400, 768, 615]
[564, 615, 604]
[768, 245, 615, 156]
[564, 245, 615, 360]
[615, 360, 809]
[768, 401, 615]
[564, 615, 605]
[768, 245, 615, 157]
[245, 615, 925]
[615, 360, 810]
[768, 402, 615]
[564, 615, 606]
[768, 245, 615, 158]
[245, 615, 926]
[615, 360, 811]
[768, 403, 615]
[768, 245, 615, 159]
[245, 615, 927]
[615, 360, 812]
[608, 564, 615]
[160, 768, 245, 615]
[928, 245, 615]
[615, 360, 813]
[768, 405, 615]
[609, 564, 615]
[768, 161, 245, 615]
[615, 360, 814]
[768, 406, 615]
[610, 564, 615]
[768, 162, 245, 615]
[930, 245, 615]
[615, 360, 815]
[768, 407, 615]
[611, 564, 615]
[768, 163, 245, 615]
[931, 245, 615]
[768, 615, 408]
[564, 612, 615]
[768, 164, 245, 615]
[932, 245, 615]
[817, 615, 360]
[768, 615, 409]
[564, 613, 615]
[768, 165, 245, 615]
[245, 933, 615]
[818, 615, 360]
[564, 614, 615]
[768, 245, 166, 615]
[245, 934, 615]
[819, 615, 360]
[768, 615, 411]
[768, 245, 167, 615]
[245, 615, 935]
[820, 615, 360]
[768, 615, 412]
[564, 615, 616]
[768, 245, 615, 168]
[245, 615, 936]
[821, 615, 360]
[768, 615, 413]
[564, 615, 617]
[768, 245, 615, 169]
[245, 615, 937]
[822, 615, 360]
[768, 615, 414]
[564, 615, 618]
[768, 245, 615, 170]
[245, 615, 938]
[615, 823, 360]
[768, 615, 415]
[564, 615, 619]
[768, 245, 615, 171]
[245, 615, 939]
[615, 360, 824]
[564, 615, 620]
[768, 245, 615, 172]
[245, 615, 940]
[615, 360, 825]
[768, 417, 615]
[768, 245, 615, 173]
[245, 615, 941]
[615, 360, 826]
[768, 418, 615]
[564, 615, 622]
[768, 245, 615, 174]
[245, 615, 942]
[615, 360, 827]
[768, 419, 615]
[564, 615, 623]
[768, 245, 615, 175]
[245, 615, 943]
[615, 360, 828]
[624, 564, 615]
[176, 768, 245, 615]
[944, 245, 615]
[615, 360, 829]
[768, 421, 615]
[768, 177, 245, 615]
[945, 245, 615]
[615, 360, 830]
[768, 422, 615]
[626, 564, 615]
[768, 178, 245, 615]
[946, 245, 615]
[615, 360, 831]
[768, 423, 615]
[627, 564, 615]
[768, 179, 245, 615]
[947, 245, 615]
[832, 615, 360]
[768, 615, 424]
[564, 628, 615]
[768, 180, 245, 615]
[948, 245, 615]
[833, 615, 360]
[564, 629, 615]
[768, 181, 245, 615]
[245, 949, 615]
[834, 615, 360]
[768, 615, 426]
[564, 630, 615]
[768, 245, 182, 615]
[245, 950, 615]
[835, 615, 360]
[768, 615, 427]
[564, 615, 631]
[768, 245, 183, 615]
[245, 615, 951]
[768, 615, 428]
[564, 615, 632]
[245, 615, 952]
[837, 615, 360]
[768, 615, 429]
[564, 615, 633]
[768, 245, 615, 185]
[245, 615, 953]
[838, 615, 360]
[768, 615, 430]
[564, 615, 634]
[768, 245, 615, 186]
[245, 615, 954]
[615, 839, 360]
[768, 615, 431]
[564, 615, 635]
[768, 245, 615, 187]
[615, 360, 840]
[432, 768, 615]
[768, 245, 615, 188]
[245, 615, 956]
[615, 360, 841]
[564, 615, 637]
[768, 245, 615, 189]
[615, 360, 842]
[564, 615, 638]
[768, 245, 615, 190]
[245, 615, 958]
[615, 360, 843]
[768, 435, 615]
[564, 615, 639]
[768, 245, 615, 191]
[245, 615, 959]
[615, 360, 844]
[768, 436, 615]
[640, 564, 615]
[192, 768, 245, 615]
[960, 245, 615]
[615, 360, 845]
[768, 437, 615]
[641, 564, 615]
[768, 193, 245, 615]
[961, 245, 615]
[615, 360, 846]
[768, 438, 615]
[642, 564, 615]
[768, 194, 245, 615]
[615, 360, 847]
[768, 439, 615]
[643, 564, 615]
[963, 245, 615]
[768, 615, 440]
[564, 644, 615]
[768, 196, 245, 615]
[964, 245, 615]
[849, 615, 360]
[768, 615, 441]
[564, 645, 615]
[768, 197, 245, 615]
[245, 965, 615]
[850, 615, 360]
[768, 615, 442]
[768, 245, 198, 615]
[245, 966, 615]
[851, 615, 360]
[768, 615, 443]
[564, 615, 647]
[768, 245, 199, 615]
[245, 615, 967]
[852, 615, 360]
[768, 615, 444]
[564, 615, 648]
[853, 615, 360]
[564, 615, 649]
[768, 245, 615, 201]
[245, 615, 969]
[854, 615, 360]
[564, 615, 650]
[768, 245, 615, 202]
[245, 615, 970]
[615, 855, 360]
[768, 615, 447]
[564, 615, 651]
[768, 245, 615, 203]
[615, 360, 856]
[448, 768, 615]
[564, 615, 652]
[768, 245, 615, 204]
[245, 615, 972]
[615, 360, 857]
[768, 449, 615]
[564, 615, 653]
[768, 245, 615, 205]
[245, 615, 973]
[615, 360, 858]
[768, 450, 615]
[768, 245, 615, 206]
[615, 360, 859]
[768, 451, 615]
[564, 615, 655]
[768, 245, 615, 207]
[245, 615, 975]
[615, 360, 860]
[768, 452, 615]
[656, 564, 615]
[208, 768, 245, 615]
[768, 453, 615]
[657, 564, 615]
[768, 209, 245, 615]
[977, 245, 615]
[615, 360, 862]
[768, 454, 615]
[658, 564, 615]
[768, 210, 245, 615]
[978, 245, 615]
[768, 455, 615]
[659, 564, 615]
[245, 615, 360, 619]
[979, 245, 615]
[864, 615, 360]
[768, 615, 456]
[564, 660, 615]
[768, 212, 245, 615]
[980, 245, 615]
[865, 615, 360]
[564, 661, 615]
[768, 213, 245, 615]
[245, 981, 615]
[866, 615, 360]
[768, 615, 458]
[564, 662, 615]
[768, 245, 214, 615]
[245, 982, 615]
[867, 615, 360]
[768, 615, 459]
[725, 502, 615]
[564, 615, 663]
[768, 245, 215, 615]
[245, 615, 983]
[868, 615, 360]
[768, 615, 460]
[768, 245, 615, 216]
[245, 615, 984]
[869, 615, 360]
[768, 615, 461]
[564, 615, 665]
[768, 245, 615, 217]
[245, 615, 985]
[870, 615, 360]
[768, 615, 462]
[564, 615, 666]
[768, 245, 615, 218]
[245, 615, 986]
[615, 871, 360]
[615, 360, 872]
[464, 768, 615]
[768, 245, 615, 220]
[245, 615, 988]
[768, 465, 615]
[245, 615, 989]
[615, 360, 874]
[768, 466, 615]
[564, 615, 670]
[768, 245, 615, 222]
[245, 615, 990]
[768, 467, 615]
[564, 615, 671]
[245, 615, 991]
[615, 360, 876]
[768, 468, 615]
[672, 564, 615]
[224, 768, 245, 615]
[992, 245, 615]
[615, 360, 877]
[768, 469, 615]
[673, 564, 615]
[768, 225, 245, 615]
[615, 360, 878]
[768, 470, 615]
[674, 564, 615]
[768, 226, 245, 615]
[994, 245, 615]
[615, 360, 879]
[768, 471, 615]
[675, 564, 615]
[768, 227, 245, 615]
[995, 245, 615]
[880, 615, 360]
[768, 615, 472]
[564, 676, 615]
[768, 228, 245, 615]
[881, 615, 360]
[768, 615, 473]
[564, 677, 615]
[768, 229, 245, 615]
[245, 997, 615]
[882, 615, 360]
[768, 615, 474]
[564, 678, 615]
[768, 245, 230, 615]
[245, 998, 615]
[883, 615, 360]
[768, 615, 475]
[564, 615, 679]
[768, 245, 231, 615]
[245, 615, 999]
[884, 615, 360]
[768, 615, 476]
[564, 615, 680]
[885, 615, 360]
[768, 615, 477]
[564, 615, 681]
[886, 615, 360]
[768, 615, 478]
[564, 615, 682]
[768, 245, 615, 234]
[615, 887, 360]
[768, 615, 479]
[564, 615, 683]
[615, 360, 888]
[480, 768, 615]
[564, 615, 684]
[768, 245, 615, 236]
[615, 360, 889]
[768, 481, 615]
[564, 615, 685]
[768, 245, 615, 237]
[615, 360, 890]
[768, 482, 615]
[564, 615, 686]
[615, 360, 891]
[768, 483, 615]
[564, 615, 687]
[768, 245, 615, 239]
[615, 360, 892]
[768, 484, 615]
[688, 564, 615]
[240, 768, 245, 615]
[615, 360, 893]
[768, 485, 615]
[689, 564, 615]
[768, 241, 245, 615]
[615, 360, 894]
[768, 486, 615]
[690, 564, 615]
[768, 242, 245, 615]
[615, 360, 895]
[768, 487, 615]
[691, 564, 615]
[896, 615, 360]
[564, 692, 615]
[768, 244, 245, 615]
[897, 615, 360]
[768, 615, 489]
[564, 693, 615]
[898, 615, 360]
[768, 615, 490]
[564, 694, 615]
[768, 245, 246, 615]
[899, 615, 360]
[768, 615, 491]
[564, 615, 695]
[768, 245, 247, 615]
[900, 615, 360]
[768, 615, 492]
[564, 615, 696]
[768, 245, 615, 248]
[901, 615, 360]
[768, 615, 493]
[564, 615, 697]
[768, 245, 615, 249]
[902, 615, 360]
[768, 615, 494]
[564, 615, 698]
[564, 245, 454, 615]
[615, 903, 360]
[768, 615, 495]
[564, 615, 699]
[615, 360, 904]
[496, 768, 615]
[768, 245, 615, 252]
[615, 360, 905]
[564, 615, 701]
[615, 360, 906]
[768, 498, 615]
[564, 615, 702]
[768, 245, 615, 254]
[768, 499, 615]
[564, 615, 703]
[768, 245, 615, 255]
[768, 500, 615]
[704, 564, 615]
[256, 768, 245, 615]
[615, 360, 909]
[768, 501, 615]
[705, 564, 615]
[768, 257, 245, 615]
[615, 360, 910]
[768, 502, 615]
[706, 564, 615]
[768, 258, 245, 615]
[615, 360, 911]
[768, 503, 615]
[707, 564, 615]
[768, 259, 245, 615]
[912, 615, 360]
[768, 615, 504]
[564, 708, 615]
[913, 615, 360]
[768, 615, 505]
[564, 709, 615]
[768, 245, 261, 615]
[914, 615, 360]
[564, 710, 615]
[768, 245, 262, 615]
[915, 615, 360]
[768, 615, 507]
[564, 615, 711]
[768, 245, 263, 615]
[916, 615, 360]
[768, 615, 508]
[564, 615, 712]
[768, 245, 615, 264]
[917, 615, 360]
[768, 615, 509]
[564, 615, 713]
[768, 245, 615, 265]
[918, 615, 360]
[768, 615, 510]
[564, 615, 714]
[768, 245, 615, 266]
[615, 919, 360]
[768, 615, 511]
[564, 615, 715]
[768, 245, 615, 267]
[615, 360, 920]
[512, 768, 615]
[564, 615, 716]
[768, 245, 615, 268]
[615, 360, 921]
[768, 513, 615]
[768, 245, 615, 269]
[615, 360, 922]
[768, 514, 615]
[564, 615, 718]
[768, 245, 615, 270]
[615, 360, 923]
[768, 515, 615]
[564, 615, 719]
[768, 516, 615]
[720, 564, 615]
[272, 768, 245, 615]
[615, 360, 925]
[768, 517, 615]
[721, 564, 615]
[768, 273, 245, 615]
[615, 360, 926]
[768, 518, 615]
[722, 564, 615]
[768, 274, 245, 615]
[615, 360, 927]
[723, 564, 615]
[768, 275, 245, 615]
[928, 615, 360]
[768, 615, 520]
[564, 724, 615]
[768, 276, 245, 615]
[768, 615, 521]
[564, 725, 615]
[768, 245, 277, 615]
[930, 615, 360]
[768, 615, 522]
[564, 726, 615]
[768, 245, 278, 615]
[931, 615, 360]
[768, 615, 523]
[768, 245, 279, 615]
[932, 615, 360]
[768, 615, 524]
[768, 245, 615, 280]
[933, 615, 360]
[768, 615, 525]
[564, 615, 729]
[768, 245, 615, 281]
[934, 615, 360]
[768, 615, 526]
[564, 615, 730]
[768, 245, 615, 282]
[615, 935, 360]
[768, 615, 527]
[564, 615, 731]
[768, 245, 615, 283]
[615, 360, 936]
[528, 768, 615]
[564, 615, 732]
[615, 360, 937]
[768, 529, 615]
[564, 615, 733]
[768, 245, 615, 285]
[615, 360, 938]
[768, 530, 615]
[564, 615, 734]
[768, 245, 615, 286]
[615, 360, 939]
[768, 531, 615]
[564, 615, 735]
[768, 245, 615, 287]
[615, 360, 940]
[768, 532, 615]
[736, 564, 615]
[615, 360, 941]
[768, 533, 615]
[768, 289, 245, 615]
[615, 360, 942]
[768, 534, 615]
[738, 564, 615]
[768, 290, 245, 615]
[615, 360, 943]
[768, 535, 615]
[739, 564, 615]
[944, 615, 360]
[768, 615, 536]
[564, 740, 615]
[768, 292, 245, 615]
[945, 615, 360]
[768, 615, 537]
[564, 741, 615]
[768, 245, 293, 615]
[946, 615, 360]
[768, 615, 538]
[564, 742, 615]
[768, 245, 294, 615]
[947, 615, 360]
[768, 615, 539]
[564, 615, 743]
[768, 245, 295, 615]
[948, 615, 360]
[768, 615, 540]
[564, 615, 744]
[768, 245, 615, 296]
[949, 615, 360]
[768, 615, 541]
[564, 615, 745]
[768, 245, 615, 297]
[950, 615, 360]
[564, 615, 746]
[768, 245, 615, 298]
[564, 245, 502, 615]
[615, 951, 360]
[768, 245, 615, 299]
[615, 360, 952]
[544, 768, 615]
[768, 245, 615, 300]
[615, 360, 953]
[768, 545, 615]
[564, 615, 749]
[768, 245, 615, 301]
[615, 360, 954]
[768, 546, 615]
[564, 615, 750]
[564, 615, 751]
[768, 245, 615, 303]
[615, 360, 956]
[768, 548, 615]
[752, 564, 615]
[304, 768, 245, 615]
[753, 564, 615]
[768, 305, 245, 615]
[615, 360, 958]
[768, 550, 615]
[768, 306, 245, 615]
[615, 360, 959]
[768, 551, 615]
[755, 564, 615]
[768, 307, 245, 615]
[960, 615, 360]
[768, 615, 552]
[768, 308, 245, 615]
[961, 615, 360]
[768, 615, 553]
[564, 757, 615]
[768, 245, 309, 615]
[768, 615, 554]
[564, 758, 615]
[768, 245, 310, 615]
[963, 615, 360]
[564, 615, 759]
[768, 245, 311, 615]
[964, 615, 360]
[768, 615, 556]
[564, 615, 760]
[965, 615, 360]
[768, 615, 557]
[768, 245, 615, 313]
[966, 615, 360]
[768, 615, 558]
[564, 615, 762]
[768, 245, 615, 314]
[615, 967, 360]
[564, 615, 763]
[768, 245, 615, 315]
[560, 768, 615]
[564, 615, 764]
[768, 245, 615, 316]
[615, 360, 969]
[768, 561, 615]
[564, 615, 765]
[768, 245, 615, 317]
[245, 725, 615, 360]
[615, 360, 970]
[768, 562, 615]
[564, 615, 766]
[768, 245, 615, 318]
[245, 726, 615, 360]
[768, 563, 615]
[564, 615, 767]
[768, 245, 615, 319]
[615, 360, 972]
[768, 564, 615]
[320, 768, 245, 615]
[615, 360, 973]
[769, 564, 615]
[768, 565, 615]
[768, 321, 245, 615]
[768, 322, 245, 615]
[615, 360, 975]
[771, 564, 615]
[768, 567, 615]
[768, 615, 568]
[768, 324, 245, 615]
[977, 615, 360]
[564, 773, 615]
[768, 615, 569]
[768, 245, 325, 615]
[978, 615, 360]
[564, 774, 615]
[768, 245, 326, 615]
[979, 615, 360]
[564, 615, 775]
[768, 615, 571]
[768, 245, 327, 615]
[980, 615, 360]
[564, 615, 776]
[768, 615, 572]
[768, 245, 615, 328]
[981, 615, 360]
[564, 615, 777]
[768, 615, 573]
[768, 245, 615, 329]
[982, 615, 360]
[564, 615, 778]
[768, 615, 574]
[768, 245, 615, 330]
[615, 983, 360]
[564, 615, 779]
[768, 615, 575]
[768, 245, 615, 331]
[615, 360, 984]
[564, 615, 780]
[576, 768, 615]
[768, 245, 615, 332]
[615, 360, 985]
[564, 615, 781]
[768, 577, 615]
[768, 245, 615, 333]
[615, 360, 986]
[564, 615, 782]
[768, 578, 615]
[768, 245, 615, 334]
[564, 615, 783]
[768, 579, 615]
[768, 245, 615, 335]
[615, 360, 988]
[784, 564, 615]
[768, 580, 615]
[336, 768, 245, 615]
[615, 360, 989]
[785, 564, 615]
[768, 581, 615]
[615, 360, 990]
[768, 582, 615]
[768, 338, 245, 615]
[615, 360, 991]
[787, 564, 615]
[768, 583, 615]
[768, 339, 245, 615]
[992, 615, 360]
[850, 502, 615]
[564, 788, 615]
[564, 789, 615]
[768, 615, 585]
[994, 615, 360]
[564, 790, 615]
[768, 245, 342, 615]
[995, 615, 360]
[768, 245, 343, 615]
[564, 615, 792]
[768, 615, 588]
[997, 615, 360]
[564, 615, 793]
[768, 615, 589]
[768, 245, 615, 345]
[998, 615, 360]
[564, 615, 794]
[768, 615, 590]
[768, 245, 615, 346]
[615, 999, 360]
[564, 615, 795]
[768, 615, 591]
[768, 245, 615, 347]
[592, 768, 615]
[768, 245, 615, 348]
[564, 615, 797]
[768, 593, 615]
[768, 245, 615, 349]
[564, 615, 798]
[768, 594, 615]
[768, 245, 615, 350]
[564, 615, 799]
[768, 595, 615]
[768, 245, 615, 351]
[800, 564, 615]
[768, 596, 615]
[352, 768, 245, 615]
[801, 564, 615]
[768, 597, 615]
[245, 502, 615, 619]
[802, 564, 615]
[768, 598, 615]
[768, 354, 245, 615]
[803, 564, 615]
[768, 355, 245, 615]
[564, 804, 615]
[768, 615, 600]
[768, 356, 245, 615]
[564, 805, 615]
[768, 615, 601]
[768, 245, 357, 615]
[564, 806, 615]
[768, 615, 602]
[768, 245, 358, 615]
[564, 615, 807]
[768, 615, 603]
[502, 870, 615]
[768, 615, 604]
[768, 245, 615, 360]
[564, 615, 809]
[768, 615, 605]
[768, 245, 615, 361]
[564, 615, 810]
[768, 615, 606]
[768, 245, 615, 362]
[564, 615, 811]
[768, 245, 615, 363]
[564, 615, 812]
[608, 768, 615]
[768, 245, 615, 364]
[564, 615, 813]
[768, 609, 615]
[564, 615, 814]
[768, 610, 615]
[768, 245, 615, 366]
[502, 615, 877]
[564, 615, 815]
[768, 611, 615]
[768, 245, 615, 367]
[768, 612, 615]
[368, 768, 245, 615]
[817, 564, 615]
[768, 613, 615]
[768, 369, 245, 615]
[818, 564, 615]
[768, 614, 615]
[768, 370, 245, 615]
[819, 564, 615]
[768, 371, 245, 615]
[564, 820, 615]
[768, 615, 616]
[768, 372, 245, 615]
[564, 821, 615]
[768, 615, 617]
[768, 245, 373, 615]
[564, 822, 615]
[768, 615, 618]
[768, 245, 374, 615]
[564, 615, 823]
[768, 615, 619]
[768, 245, 375, 615]
[564, 615, 824]
[768, 615, 620]
[768, 245, 615, 376]
[564, 615, 825]
[768, 245, 615, 377]
[564, 615, 826]
[768, 615, 622]
[768, 245, 615, 378]
[564, 615, 827]
[768, 615, 623]
[768, 245, 615, 379]
[564, 615, 828]
[624, 768, 615]
[564, 615, 829]
[768, 245, 615, 381]
[564, 615, 830]
[768, 626, 615]
[768, 245, 615, 382]
[564, 615, 831]
[768, 627, 615]
[768, 245, 615, 383]
[832, 564, 615]
[768, 628, 615]
[384, 768, 245, 615]
[833, 564, 615]
[768, 629, 615]
[768, 385, 245, 615]
[834, 564, 615]
[768, 630, 615]
[835, 564, 615]
[768, 615, 631]
[768, 387, 245, 615]
[768, 615, 632]
[768, 388, 245, 615]
[564, 837, 615]
[768, 615, 633]
[564, 838, 615]
[768, 615, 634]
[768, 245, 390, 615]
[564, 615, 839]
[768, 615, 635]
[768, 245, 391, 615]
[564, 615, 840]
[768, 245, 615, 392]
[564, 615, 841]
[768, 615, 637]
[564, 615, 842]
[768, 615, 638]
[768, 245, 615, 394]
[564, 615, 843]
[768, 615, 639]
[768, 245, 615, 395]
[564, 615, 844]
[640, 768, 615]
[768, 245, 615, 396]
[564, 615, 845]
[768, 641, 615]
[768, 245, 615, 397]
[564, 615, 846]
[768, 642, 615]
[768, 245, 615, 398]
[564, 615, 847]
[768, 643, 615]
[768, 245, 615, 399]
[768, 644, 615]
[400, 768, 245, 615]
[849, 564, 615]
[768, 645, 615]
[768, 401, 245, 615]
[850, 564, 615]
[768, 402, 245, 615]
[851, 564, 615]
[768, 615, 647]
[768, 403, 245, 615]
[564, 852, 615]
[768, 615, 648]
[564, 853, 615]
[768, 615, 649]
[768, 245, 405, 615]
[564, 854, 615]
[768, 615, 650]
[768, 245, 406, 615]
[564, 615, 855]
[768, 615, 651]
[768, 245, 407, 615]
[564, 615, 856]
[768, 615, 652]
[768, 245, 615, 408]
[564, 615, 857]
[768, 615, 653]
[768, 245, 615, 409]
[564, 615, 858]
[564, 615, 859]
[768, 615, 655]
[768, 245, 615, 411]
[564, 615, 860]
[656, 768, 615]
[768, 245, 615, 412]
[768, 657, 615]
[768, 245, 615, 413]
[564, 615, 862]
[768, 658, 615]
[768, 245, 615, 414]
[768, 659, 615]
[768, 245, 615, 415]
[564, 245, 615, 619]
[864, 564, 615]
[768, 660, 615]
[865, 564, 615]
[768, 661, 615]
[768, 417, 245, 615]
[866, 564, 615]
[768, 662, 615]
[768, 418, 245, 615]
[867, 564, 615]
[768, 615, 663]
[768, 419, 245, 615]
[564, 868, 615]
[564, 869, 615]
[768, 615, 665]
[768, 245, 421, 615]
[564, 870, 615]
[768, 615, 666]
[768, 245, 422, 615]
[564, 615, 871]
[768, 245, 423, 615]
[564, 615, 872]
[768, 245, 615, 424]
[564, 615, 874]
[768, 615, 670]
[768, 245, 615, 426]
[768, 615, 671]
[768, 245, 615, 427]
[564, 615, 876]
[672, 768, 615]
[768, 245, 615, 428]
[564, 615, 877]
[768, 673, 615]
[768, 245, 615, 429]
[564, 615, 878]
[768, 674, 615]
[768, 245, 615, 430]
[564, 615, 879]
[768, 675, 615]
[768, 245, 615, 431]
[880, 564, 615]
[768, 676, 615]
[432, 768, 245, 615]
[881, 564, 615]
[768, 677, 615]
[882, 564, 615]
[768, 678, 615]
[883, 564, 615]
[768, 615, 679]
[768, 435, 245, 615]
[564, 884, 615]
[768, 615, 680]
[768, 436, 245, 615]
[564, 885, 615]
[768, 615, 681]
[768, 245, 437, 615]
[564, 886, 615]
[768, 615, 682]
[768, 245, 438, 615]
[564, 615, 887]
[768, 615, 683]
[768, 245, 439, 615]
[564, 615, 888]
[768, 615, 684]
[768, 245, 615, 440]
[564, 615, 889]
[768, 615, 685]
[768, 245, 615, 441]
[564, 615, 890]
[768, 615, 686]
[850, 245, 615, 360]
[768, 245, 615, 442]
[564, 615, 891]
[768, 615, 687]
[768, 245, 615, 443]
[564, 615, 892]
[688, 768, 615]
[768, 245, 615, 444]
[564, 615, 893]
[768, 689, 615]
[564, 615, 894]
[768, 690, 615]
[564, 615, 895]
[768, 691, 615]
[768, 245, 615, 447]
[896, 564, 615]
[768, 692, 615]
[448, 768, 245, 615]
[897, 564, 615]
[768, 693, 615]
[768, 449, 245, 615]
[898, 564, 615]
[768, 694, 615]
[768, 450, 245, 615]
[899, 564, 615]
[768, 615, 695]
[768, 451, 245, 615]
[564, 900, 615]
[768, 615, 696]
[768, 452, 245, 615]
[564, 901, 615]
[768, 615, 697]
[768, 245, 453, 615]
[564, 902, 615]
[768, 615, 698]
[768, 245, 454, 615]
[564, 615, 903]
[768, 615, 699]
[768, 245, 455, 615]
[564, 615, 904]
[768, 245, 615, 456]
[564, 615, 905]
[850, 615, 619]
[768, 615, 701]
[564, 615, 906]
[768, 615, 702]
[768, 245, 615, 458]
[768, 615, 703]
[768, 245, 615, 459]
[245, 725, 502, 615]
[704, 768, 615]
[768, 245, 615, 460]
[564, 615, 909]
[768, 705, 615]
[768, 245, 615, 461]
[564, 615, 910]
[768, 706, 615]
[245, 870, 615, 360]
[768, 245, 615, 462]
[564, 615, 911]
[768, 707, 615]
[912, 564, 615]
[768, 708, 615]
[464, 768, 245, 615]
[913, 564, 615]
[768, 709, 615]
[768, 465, 245, 615]
[914, 564, 615]
[768, 710, 615]
[768, 466, 245, 615]
[915, 564, 615]
[768, 615, 711]
[768, 467, 245, 615]
[564, 916, 615]
[768, 615, 712]
[768, 468, 245, 615]
[564, 917, 615]
[768, 615, 713]
[245, 615, 360, 877]
[768, 245, 469, 615]
[564, 918, 615]
[768, 615, 714]
[768, 245, 470, 615]
[564, 615, 919]
[768, 615, 715]
[768, 245, 471, 615]
[564, 615, 920]
[768, 615, 716]
[768, 245, 615, 472]
[564, 615, 921]
[768, 245, 615, 473]
[564, 615, 922]
[768, 615, 718]
[768, 245, 615, 474]
[564, 615, 923]
[768, 615, 719]
[768, 245, 615, 475]
[720, 768, 615]
[768, 245, 615, 476]
[564, 615, 925]
[870, 615, 619]
[768, 721, 615]
[768, 245, 615, 477]
[564, 615, 926]
[768, 722, 615]
[768, 245, 615, 478]
[564, 615, 927]
[768, 723, 615]
[768, 245, 615, 479]
[928, 564, 615]
[768, 724, 615]
[480, 768, 245, 615]
[768, 725, 615]
[768, 481, 245, 615]
[930, 564, 615]
[768, 726, 615]
[768, 482, 245, 615]
[931, 564, 615]
[768, 483, 245, 615]
[994, 502, 615]
[564, 932, 615]
[768, 484, 245, 615]
[564, 933, 615]
[768, 615, 729]
[768, 245, 485, 615]
[564, 934, 615]
[768, 615, 730]
[768, 245, 486, 615]
[564, 615, 935]
[768, 615, 731]
[768, 245, 487, 615]
[564, 615, 936]
[768, 615, 732]
[564, 615, 937]
[768, 615, 733]
[768, 245, 615, 489]
[564, 615, 938]
[768, 615, 734]
[768, 245, 615, 490]
[564, 615, 939]
[768, 615, 735]
[768, 245, 615, 491]
[564, 615, 940]
[736, 768, 615]
[768, 245, 615, 492]
[564, 615, 941]
[768, 245, 615, 493]
[564, 615, 942]
[768, 738, 615]
[768, 245, 615, 494]
[564, 615, 943]
[768, 739, 615]
[768, 245, 615, 495]
[944, 564, 615]
[768, 740, 615]
[496, 768, 245, 615]
[945, 564, 615]
[768, 741, 615]
[946, 564, 615]
[768, 742, 615]
[768, 498, 245, 615]
[947, 564, 615]
[768, 615, 743]
[768, 499, 245, 615]
[564, 948, 615]
[768, 615, 744]
[768, 500, 245, 615]
[564, 949, 615]
[768, 615, 745]
[768, 245, 501, 615]
[564, 950, 615]
[768, 615, 746]
[768, 245, 502, 615]
[564, 615, 951]
[768, 245, 503, 615]
[564, 615, 952]
[768, 245, 615, 504]
[564, 615, 953]
[768, 615, 749]
[768, 245, 615, 505]
[564, 615, 954]
[768, 615, 750]
[768, 615, 751]
[768, 245, 615, 507]
[564, 615, 956]
[752, 768, 615]
[768, 245, 615, 508]
[768, 753, 615]
[768, 245, 615, 509]
[564, 615, 958]
[768, 245, 615, 510]
[564, 615, 959]
[768, 755, 615]
[768, 245, 615, 511]
[960, 564, 615]
[512, 768, 245, 615]
[961, 564, 615]
[768, 757, 615]
[768, 513, 245, 615]
[768, 758, 615]
[768, 514, 245, 615]
[963, 564, 615]
[768, 615, 759]
[768, 515, 245, 615]
[564, 964, 615]
[768, 615, 760]
[768, 516, 245, 615]
[564, 965, 615]
[768, 245, 517, 615]
[564, 966, 615]
[768, 615, 762]
[768, 245, 518, 615]
[564, 615, 967]
[768, 615, 763]
[768, 615, 764]
[768, 245, 615, 520]
[564, 615, 969]
[768, 615, 765]
[768, 245, 615, 521]
[564, 245, 725, 615]
[564, 615, 970]
[768, 615, 766]
[768, 245, 615, 522]
[768, 615, 767]
[768, 245, 615, 523]
[564, 615, 972]
[768, 245, 615, 524]
[564, 615, 973]
[768, 769, 615]
[768, 245, 615, 525]
[768, 245, 615, 526]
[564, 615, 975]
[768, 771, 615]
[768, 245, 615, 527]
[528, 768, 245, 615]
[977, 564, 615]
[768, 773, 615]
[768, 529, 245, 615]
[978, 564, 615]
[768, 774, 615]
[768, 530, 245, 615]
[979, 564, 615]
[768, 615, 775]
[768, 531, 245, 615]
[564, 980, 615]
[768, 615, 776]
[768, 532, 245, 615]
[564, 981, 615]
[768, 615, 777]
[768, 245, 533, 615]
[564, 982, 615]
[768, 615, 778]
[768, 245, 534, 615]
[564, 615, 983]
[768, 615, 779]
[768, 245, 535, 615]
[564, 615, 984]
[768, 615, 780]
[768, 245, 615, 536]
[564, 615, 985]
[768, 615, 781]
[768, 245, 615, 537]
[564, 615, 986]
[768, 615, 782]
[768, 245, 615, 538]
[768, 615, 783]
[768, 245, 615, 539]
[564, 615, 988]
[768, 784, 615]
[768, 245, 615, 540]
[564, 615, 989]
[768, 785, 615]
[768, 245, 615, 541]
[564, 615, 990]
[564, 615, 991]
[768, 787, 615]
[992, 564, 615]
[768, 788, 615]
[544, 768, 245, 615]
[768, 789, 615]
[768, 545, 245, 615]
[994, 564, 615]
[768, 790, 615]
[768, 546, 245, 615]
[995, 564, 615]
[768, 615, 792]
[768, 548, 245, 615]
[564, 997, 615]
[768, 615, 793]
[564, 998, 615]
[768, 615, 794]
[768, 245, 550, 615]
[564, 615, 999]
[768, 615, 795]
[768, 245, 551, 615]
[768, 245, 615, 552]
[768, 615, 797]
[768, 245, 615, 553]
[768, 615, 798]
[768, 245, 615, 554]
[768, 615, 799]
[768, 800, 615]
[768, 245, 615, 556]
[768, 801, 615]
[768, 245, 615, 557]
[768, 802, 615]
[768, 245, 615, 558]
[768, 803, 615]
[768, 804, 615]
[560, 768, 245, 615]
[768, 805, 615]
[768, 561, 245, 615]
[768, 806, 615]
[768, 562, 245, 615]
[768, 615, 807]
[768, 563, 245, 615]
[768, 564, 245, 615]
[768, 615, 809]
[768, 245, 565, 615]
[768, 615, 810]
[768, 615, 811]
[768, 245, 567, 615]
[768, 615, 812]
[768, 245, 615, 568]
[768, 615, 813]
[768, 245, 615, 569]
[768, 615, 814]
[768, 615, 815]
[768, 245, 615, 571]
[768, 245, 615, 572]
[768, 817, 615]
[768, 245, 615, 573]
[768, 818, 615]
[768, 245, 615, 574]
[768, 819, 615]
[768, 245, 615, 575]
[768, 820, 615]
[576, 768, 245, 615]
[768, 821, 615]
[768, 577, 245, 615]
[768, 822, 615]
[768, 578, 245, 615]
[768, 615, 823]
[768, 579, 245, 615]
[768, 615, 824]
[768, 580, 245, 615]
[768, 615, 825]
[768, 245, 581, 615]
[768, 615, 826]
[768, 245, 582, 615]
[768, 615, 827]
[768, 245, 583, 615]
[768, 615, 828]
[850, 245, 502, 615]
[768, 615, 829]
[768, 245, 615, 585]
[768, 615, 830]
[994, 245, 615, 360]
[768, 615, 831]
[768, 832, 615]
[768, 245, 615, 588]
[768, 833, 615]
[768, 245, 615, 589]
[768, 834, 615]
[768, 245, 615, 590]
[768, 835, 615]
[768, 245, 615, 591]
[592, 768, 245, 615]
[768, 837, 615]
[768, 593, 245, 615]
[768, 838, 615]
[768, 594, 245, 615]
[768, 615, 839]
[768, 595, 245, 615]
[768, 615, 840]
[768, 596, 245, 615]
[768, 615, 841]
[768, 245, 597, 615]
[768, 615, 842]
[768, 245, 598, 615]
[768, 615, 843]
[768, 615, 844]
[768, 245, 615, 600]
[768, 615, 845]
[768, 245, 615, 601]
[768, 615, 846]
[768, 245, 615, 602]
[768, 615, 847]
[768, 245, 615, 603]
[245, 502, 870, 615]
[768, 245, 615, 604]
[768, 849, 615]
[768, 245, 615, 605]
[768, 850, 615]
[768, 245, 615, 606]
[768, 851, 615]
[768, 852, 615]
[608, 768, 245, 615]
[768, 853, 615]
[768, 609, 245, 615]
[768, 854, 615]
[768, 610, 245, 615]
[768, 615, 855]
[768, 611, 245, 615]
[768, 615, 856]
[768, 612, 245, 615]
[768, 615, 857]
[768, 245, 613, 615]
[768, 615, 858]
[768, 245, 614, 615]
[768, 615, 859]
[768, 615, 860]
[768, 245, 615, 616]
[768, 245, 615, 617]
[768, 502, 615, 360]
[768, 615, 862]
[768, 245, 615, 618]
[768, 245, 615, 619]
[768, 864, 615]
[768, 245, 615, 620]
[768, 865, 615]
[768, 866, 615]
[768, 245, 615, 622]
[768, 867, 615]
[768, 245, 615, 623]
[768, 868, 615]
[624, 768, 245, 615]
[768, 869, 615]
[768, 870, 615]
[768, 626, 245, 615]
[768, 615, 871]
[768, 627, 245, 615]
[768, 615, 872]
[768, 628, 245, 615]
[768, 245, 629, 615]
[768, 615, 874]
[768, 245, 630, 615]
[768, 245, 615, 631]
[768, 615, 876]
[768, 245, 615, 632]
[768, 615, 877]
[768, 245, 615, 633]
[768, 615, 878]
[768, 245, 615, 634]
[768, 615, 879]
[768, 245, 615, 635]
[768, 880, 615]
[768, 881, 615]
[768, 245, 615, 637]
[768, 882, 615]
[768, 245, 615, 638]
[768, 883, 615]
[768, 245, 615, 639]
[768, 884, 615]
[640, 768, 245, 615]
[768, 885, 615]
[768, 641, 245, 615]
[768, 886, 615]
[768, 642, 245, 615]
[768, 615, 887]
[768, 643, 245, 615]
[768, 615, 888]
[768, 644, 245, 615]
[768, 615, 889]
[768, 245, 645, 615]
[768, 615, 890]
[850, 564, 245, 615]
[768, 615, 891]
[768, 245, 615, 647]
[768, 615, 892]
[768, 245, 615, 648]
[768, 615, 893]
[768, 245, 615, 649]
[768, 615, 894]
[768, 245, 615, 650]
[768, 615, 895]
[768, 245, 615, 651]
[768, 896, 615]
[768, 245, 615, 652]
[768, 897, 615]
[768, 245, 615, 653]
[768, 898, 615]
[768, 899, 615]
[768, 245, 615, 655]
[768, 900, 615]
[656, 768, 245, 615]
[768, 901, 615]
[768, 657, 245, 615]
[768, 902, 615]
[768, 658, 245, 615]
[768, 615, 903]
[768, 659, 245, 615]
[768, 615, 904]
[768, 660, 245, 615]
[768, 615, 905]
[768, 245, 661, 615]
[768, 615, 906]
[768, 245, 662, 615]
[768, 245, 615, 663]
[768, 615, 909]
[768, 245, 615, 665]
[768, 615, 910]
[564, 245, 870, 615]
[768, 245, 615, 666]
[768, 615, 911]
[768, 912, 615]
[768, 913, 615]
[768, 914, 615]
[768, 245, 615, 670]
[768, 915, 615]
[768, 245, 615, 671]
[768, 916, 615]
[672, 768, 245, 615]
[768, 917, 615]
[564, 245, 615, 877]
[768, 673, 245, 615]
[768, 918, 615]
[768, 674, 245, 615]
[768, 615, 919]
[768, 675, 245, 615]
[768, 615, 920]
[768, 676, 245, 615]
[768, 615, 921]
[768, 245, 677, 615]
[768, 615, 922]
[768, 245, 678, 615]
[768, 615, 923]
[768, 245, 615, 679]
[768, 564, 615, 360]
[768, 245, 615, 680]
[768, 615, 925]
[768, 245, 615, 681]
[768, 615, 926]
[768, 245, 615, 682]
[768, 615, 927]
[768, 245, 615, 683]
[768, 928, 615]
[768, 245, 615, 684]
[768, 245, 615, 685]
[768, 930, 615]
[768, 245, 615, 686]
[768, 931, 615]
[768, 245, 615, 687]
[768, 932, 615]
[688, 768, 245, 615]
[768, 933, 615]
[768, 689, 245, 615]
[768, 934, 615]
[768, 690, 245, 615]
[768, 615, 935]
[768, 691, 245, 615]
[768, 615, 936]
[768, 692, 245, 615]
[768, 615, 937]
[768, 245, 693, 615]
[768, 615, 938]
[768, 245, 694, 615]
[768, 615, 939]
[768, 245, 615, 695]
[768, 615, 940]
[768, 245, 615, 696]
[768, 615, 941]
[768, 245, 615, 697]
[768, 615, 942]
[768, 245, 615, 698]
[768, 615, 943]
[768, 245, 615, 699]
[768, 944, 615]
[768, 945, 615]
[850, 245, 615, 619]
[768, 245, 615, 701]
[768, 946, 615]
[768, 245, 615, 702]
[768, 947, 615]
[768, 245, 615, 703]
[768, 948, 615]
[704, 768, 245, 615]
[768, 949, 615]
[768, 705, 245, 615]
[768, 950, 615]
[768, 706, 245, 615]
[768, 615, 951]
[768, 707, 245, 615]
[768, 615, 952]
[850, 870, 615]
[768, 708, 245, 615]
[768, 615, 953]
[768, 245, 709, 615]
[768, 615, 954]
[768, 245, 710, 615]
[768, 245, 615, 711]
[768, 615, 956]
[768, 245, 615, 712]
[768, 245, 615, 713]
[768, 615, 958]
[768, 245, 615, 714]
[768, 615, 959]
[768, 245, 615, 715]
[768, 960, 615]
[768, 245, 615, 716]
[768, 961, 615]
[768, 245, 615, 718]
[768, 963, 615]
[768, 245, 615, 719]
[768, 964, 615]
[720, 768, 245, 615]
[768, 965, 615]
[245, 870, 615, 619]
[768, 721, 245, 615]
[768, 966, 615]
[768, 722, 245, 615]
[768, 615, 967]
[768, 723, 245, 615]
[768, 724, 245, 615]
[768, 615, 969]
[768, 245, 725, 615]
[768, 615, 970]
[768, 245, 726, 615]
[768, 615, 972]
[768, 615, 973]
[768, 245, 615, 729]
[768, 245, 615, 730]
[768, 615, 975]
[768, 245, 615, 731]
[768, 245, 615, 732]
[768, 977, 615]
[768, 245, 615, 733]
[768, 978, 615]
[768, 245, 615, 734]
[768, 615, 360, 619]
[768, 979, 615]
[768, 245, 615, 735]
[768, 980, 615]
[736, 768, 245, 615]
[768, 981, 615]
[768, 982, 615]
[768, 738, 245, 615]
[768, 615, 983]
[768, 739, 245, 615]
[768, 615, 984]
[768, 740, 245, 615]
[768, 615, 985]
[768, 245, 741, 615]
[768, 615, 986]
[768, 245, 742, 615]
[768, 245, 615, 743]
[768, 615, 988]
[768, 245, 615, 744]
[768, 615, 989]
[768, 245, 615, 745]
[768, 615, 990]
[768, 245, 615, 746]
[768, 615, 991]
[768, 992, 615]
[768, 245, 615, 749]
[768, 994, 615]
[768, 245, 615, 750]
[768, 995, 615]
[768, 245, 615, 751]
[752, 768, 245, 615]
[768, 997, 615]
[768, 753, 245, 615]
[768, 998, 615]
[768, 615, 999]
[768, 755, 245, 615]
[768, 245, 757, 615]
[768, 245, 758, 615]
[768, 245, 615, 759]
[768, 245, 615, 760]
[768, 245, 615, 762]
[768, 245, 615, 763]
[768, 245, 615, 764]
[768, 245, 615, 765]
[768, 245, 615, 766]
[768, 245, 615, 767]
[768, 769, 245, 615]
[768, 771, 245, 615]
[768, 245, 773, 615]
[768, 245, 774, 615]
[768, 245, 615, 775]
[768, 245, 615, 776]
[768, 245, 615, 777]
[768, 245, 615, 778]
[768, 245, 615, 779]
[768, 245, 615, 780]
[768, 245, 615, 781]
[768, 245, 615, 782]
[768, 245, 615, 783]
[768, 784, 245, 615]
[768, 785, 245, 615]
[768, 787, 245, 615]
[768, 788, 245, 615]
[768, 245, 789, 615]
[994, 564, 245, 615]
[768, 245, 790, 615]
[768, 245, 615, 792]
[768, 245, 615, 793]
[768, 245, 615, 794]
[768, 245, 615, 795]
[768, 245, 615, 797]
[768, 245, 615, 798]
[768, 245, 615, 799]
[768, 800, 245, 615]
[768, 801, 245, 615]
[768, 802, 245, 615]
[768, 803, 245, 615]
[768, 804, 245, 615]
[768, 245, 805, 615]
[768, 245, 806, 615]
[768, 245, 615, 807]
[768, 245, 615, 809]
[768, 245, 615, 810]
[768, 245, 615, 811]
[768, 245, 615, 812]
[768, 245, 615, 813]
[768, 245, 615, 814]
[768, 245, 615, 815]
[768, 817, 245, 615]
[768, 818, 245, 615]
[768, 819, 245, 615]
[768, 820, 245, 615]
[768, 245, 821, 615]
[768, 564, 502, 615]
[768, 245, 822, 615]
[768, 245, 615, 823]
[768, 245, 615, 824]
[768, 245, 615, 825]
[768, 245, 615, 826]
[768, 245, 615, 827]
[768, 245, 615, 828]
[768, 245, 615, 829]
[768, 245, 615, 830]
[768, 245, 615, 831]
[768, 832, 245, 615]
[768, 833, 245, 615]
[768, 834, 245, 615]
[768, 835, 245, 615]
[768, 245, 837, 615]
[768, 245, 838, 615]
[768, 245, 615, 839]
[768, 245, 615, 840]
[768, 245, 615, 841]
[768, 245, 615, 842]
[768, 245, 615, 843]
[768, 245, 615, 844]
[768, 245, 615, 845]
[768, 245, 615, 846]
[768, 245, 615, 847]
[768, 849, 245, 615]
[768, 850, 245, 615]
[768, 851, 245, 615]
[768, 852, 245, 615]
[768, 245, 853, 615]
[768, 245, 854, 615]
[768, 245, 615, 855]
[768, 245, 615, 856]
[768, 245, 615, 857]
[768, 245, 615, 858]
[768, 245, 615, 859]
[768, 245, 615, 860]
[768, 245, 502, 615, 360]
[768, 245, 615, 862]
[768, 864, 245, 615]
[768, 865, 245, 615]
[768, 866, 245, 615]
[768, 867, 245, 615]
[768, 868, 245, 615]
[768, 245, 869, 615]
[768, 245, 870, 615]
[768, 245, 615, 871]
[768, 245, 615, 872]
[768, 245, 615, 874]
[768, 245, 615, 876]
[768, 245, 615, 877]
[768, 245, 615, 878]
[768, 245, 615, 879]
[768, 880, 245, 615]
[768, 881, 245, 615]
[768, 882, 245, 615]
[768, 883, 245, 615]
[768, 884, 245, 615]
[768, 245, 885, 615]
[768, 245, 886, 615]
[768, 245, 615, 887]
[768, 245, 615, 888]
[768, 245, 615, 889]
[768, 245, 615, 890]
[768, 245, 615, 891]
[768, 245, 615, 892]
[768, 245, 615, 893]
[768, 245, 615, 894]
[768, 245, 615, 895]
[768, 896, 245, 615]
[768, 897, 245, 615]
[768, 898, 245, 615]
[768, 899, 245, 615]
[768, 900, 245, 615]
[768, 245, 901, 615]
[768, 245, 902, 615]
[768, 245, 615, 903]
[768, 245, 615, 904]
[768, 245, 615, 905]
[768, 245, 615, 906]
[768, 245, 615, 909]
[768, 245, 615, 910]
[768, 245, 615, 911]
[768, 912, 245, 615]
[768, 913, 245, 615]
[768, 914, 245, 615]
[768, 915, 245, 615]
[768, 916, 245, 615]
[768, 245, 917, 615]
[768, 245, 918, 615]
[768, 245, 615, 919]
[768, 245, 615, 920]
[768, 245, 615, 921]
[768, 245, 615, 922]
[768, 245, 615, 923]
[768, 564, 245, 615, 360]
[768, 245, 615, 925]
[768, 245, 615, 926]
[768, 245, 615, 927]
[768, 928, 245, 615]
[768, 930, 245, 615]
[768, 931, 245, 615]
[768, 932, 245, 615]
[768, 245, 933, 615]
[768, 245, 934, 615]
[768, 245, 615, 935]
[768, 245, 615, 936]
[768, 245, 615, 937]
[768, 245, 615, 938]
[768, 564, 615, 619]
[768, 245, 615, 939]
[768, 245, 615, 940]
[768, 245, 615, 941]
[768, 245, 615, 942]
[768, 245, 615, 943]
[768, 944, 245, 615]
[768, 945, 245, 615]
[768, 946, 245, 615]
[768, 947, 245, 615]
[768, 948, 245, 615]
[768, 245, 949, 615]
[768, 245, 950, 615]
[768, 245, 615, 951]
[768, 245, 615, 952]
[850, 245, 870, 615]
[768, 245, 615, 953]
[768, 245, 615, 954]
[768, 245, 615, 956]
[768, 245, 615, 958]
[768, 245, 615, 959]
[768, 960, 245, 615]
[768, 961, 245, 615]
[768, 963, 245, 615]
[768, 964, 245, 615]
[768, 245, 965, 615]
[768, 850, 615, 360]
[768, 245, 966, 615]
[768, 245, 615, 967]
[768, 245, 615, 969]
[768, 245, 615, 970]
[768, 245, 615, 972]
[768, 245, 615, 973]
[768, 245, 615, 975]
[768, 977, 245, 615]
[768, 978, 245, 615]
[768, 245, 615, 360, 619]
[768, 979, 245, 615]
[768, 980, 245, 615]
[768, 245, 981, 615]
[768, 245, 982, 615]
[768, 245, 615, 983]
[768, 245, 615, 984]
[768, 245, 615, 985]
[768, 870, 615, 360]
[768, 245, 615, 986]
[768, 245, 615, 988]
[768, 245, 615, 989]
[768, 245, 615, 990]
[768, 245, 615, 991]
[768, 992, 245, 615]
[768, 994, 245, 615]
[768, 995, 245, 615]
[768, 245, 997, 615]
[768, 245, 998, 615]
[768, 245, 615, 999]
[768, 564, 245, 502, 615]
[768, 245, 725, 615, 360]
[768, 245, 502, 615, 619]
[768, 850, 564, 615]
[768, 564, 245, 615, 619]
[768, 850, 245, 615, 360]
[768, 245, 870, 615, 360]
[768, 245, 615, 360, 877]
[768, 564, 245, 725, 615]
[768, 850, 245, 502, 615]
[768, 850, 564, 245, 615]
[768, 564, 245, 870, 615]
