Running time: 308890 ms
minpro: 0.6
PMFIs:
[0]
[1]
[2]
[3]
[4]
[5]
[6]
[7]
[8]
[9]
[10]
[11]
[12]
[13]
[14]
[15]
[16]
[17]
[18]
[19]
[20]
[21]
[22]
[23]
[24]
[25]
[26]
[27]
[28]
[29]
[31]
[32]
[33]
[34]
[35]
[36]
[37]
[38]
[39]
[40]
[41]
[42]
[43]
[44]
[45]
[46]
[47]
[48]
[49]
[50]
[51]
[52]
[53]
[54]
[55]
[56]
[57]
[58]
[59]
[60]
[61]
[62]
[64]
[65]
[66]
[67]
[68]
[69]
[70]
[71]
[72]
[73]
[74]
[75]
[76]
[77]
[78]
[79]
[80]
[81]
[82]
[83]
[84]
[85]
[86]
[88]
[89]
[90]
[91]
[93]
[94]
[95]
[96]
[97]
[98]
[100]
[101]
[102]
[103]
[104]
[105]
[106]
[107]
[108]
[110]
[111]
[112]
[113]
[114]
[115]
[116]
[117]
[118]
[120]
[121]
[122]
[123]
[124]
[125]
[126]
[127]
[128]
[129]
[130]
[131]
[132]
[134]
[135]
[136]
[137]
[138]
[139]
[140]
[141]
[142]
[143]
[144]
[145]
[146]
[147]
[149]
[150]
[151]
[152]
[153]
[154]
[155]
[156]
[157]
[158]
[159]
[160]
[161]
[162]
[163]
[164]
[165]
[166]
[167]
[168]
[169]
[170]
[171]
[172]
[173]
[174]
[175]
[176]
[177]
[178]
[179]
[180]
[181]
[182]
[183]
[185]
[186]
[187]
[188]
[189]
[190]
[192]
[193]
[194]
[195]
[196]
[197]
[198]
[199]
[200]
[201]
[202]
[203]
[204]
[205]
[206]
[207]
[208]
[209]
[210]
[212]
[213]
[214]
[215]
[216]
[217]
[218]
[219]
[220]
[221]
[222]
[223]
[224]
[225]
[226]
[227]
[228]
[229]
[230]
[231]
[232]
[234]
[235]
[236]
[237]
[239]
[240]
[241]
[242]
[243]
[244]
[245]
[246]
[247]
[248]
[249]
[252]
[253]
[254]
[255]
[256]
[257]
[258]
[259]
[260]
[261]
[262]
[263]
[264]
[265]
[266]
[267]
[268]
[269]
[270]
[272]
[273]
[274]
[275]
[276]
[277]
[278]
[279]
[280]
[281]
[282]
[283]
[285]
[286]
[287]
[288]
[289]
[290]
[291]
[292]
[293]
[294]
[295]
[296]
[297]
[298]
[299]
[300]
[301]
[302]
[303]
[304]
[305]
[306]
[307]
[308]
[309]
[310]
[311]
[313]
[314]
[315]
[316]
[317]
[318]
[319]
[320]
[321]
[322]
[323]
[324]
[325]
[326]
[327]
[328]
[329]
[330]
[331]
[332]
[333]
[334]
[335]
[336]
[337]
[338]
[339]
[340]
[342]
[343]
[344]
[345]
[346]
[347]
[348]
[349]
[350]
[351]
[352]
[354]
[355]
[356]
[357]
[358]
[359]
[360]
[361]
[362]
[363]
[364]
[366]
[367]
[368]
[369]
[370]
[371]
[372]
[373]
[374]
[375]
[376]
[377]
[378]
[379]
[380]
[381]
[382]
[383]
[384]
[385]
[387]
[388]
[390]
[391]
[392]
[394]
[395]
[396]
[397]
[398]
[399]
[400]
[401]
[402]
[403]
[404]
[405]
[406]
[407]
[408]
[409]
[410]
[411]
[412]
[413]
[414]
[415]
[416]
[417]
[418]
[419]
[421]
[422]
[423]
[424]
[426]
[427]
[428]
[429]
[430]
[431]
[432]
[435]
[436]
[437]
[438]
[439]
[440]
[441]
[442]
[443]
[444]
[447]
[448]
[449]
[450]
[451]
[452]
[453]
[454]
[455]
[456]
[457]
[458]
[459]
[460]
[461]
[462]
[463]
[464]
[465]
[466]
[467]
[468]
[469]
[470]
[471]
[472]
[473]
[474]
[475]
[476]
[477]
[478]
[479]
[480]
[481]
[482]
[483]
[484]
[485]
[486]
[487]
[488]
[489]
[490]
[491]
[492]
[493]
[494]
[495]
[496]
[497]
[498]
[499]
[500]
[501]
[502]
[503]
[504]
[505]
[507]
[508]
[509]
[510]
[511]
[512]
[513]
[514]
[515]
[516]
[517]
[518]
[520]
[521]
[522]
[523]
[524]
[525]
[526]
[527]
[528]
[529]
[530]
[531]
[532]
[533]
[534]
[535]
[536]
[537]
[538]
[539]
[540]
[541]
[542]
[543]
[544]
[545]
[546]
[548]
[549]
[550]
[551]
[552]
[553]
[554]
[555]
[556]
[557]
[558]
[560]
[561]
[562]
[563]
[564]
[565]
[566]
[567]
[568]
[569]
[570]
[571]
[572]
[573]
[574]
[575]
[576]
[577]
[578]
[579]
[580]
[581]
[582]
[583]
[585]
[586]
[588]
[589]
[590]
[591]
[592]
[593]
[594]
[595]
[0, 596]
[596]
[1, 596]
[597]
[2, 596]
[598]
[3, 596]
[4, 596]
[600]
[596, 5]
[601]
[596, 6]
[602]
[596, 7]
[603]
[596, 8]
[604]
[596, 9]
[605]
[596, 10]
[606]
[596, 11]
[596, 12]
[608]
[596, 13]
[609]
[596, 14]
[610]
[596, 15]
[611]
[16, 596]
[612]
[17, 596]
[613]
[18, 596]
[614]
[19, 596]
[615]
[20, 596]
[616]
[596, 21]
[617]
[596, 22]
[618]
[596, 23]
[619]
[596, 24]
[620]
[596, 25]
[621]
[596, 26]
[622]
[596, 27]
[623]
[596, 28]
[624]
[596, 29]
[625]
[626]
[596, 31]
[627]
[32, 596]
[628]
[33, 596]
[629]
[34, 596]
[630]
[35, 596]
[631]
[36, 596]
[632]
[596, 37]
[633]
[596, 38]
[634]
[596, 39]
[635]
[596, 40]
[596, 41]
[637]
[596, 42]
[638]
[596, 43]
[639]
[596, 44]
[640]
[596, 45]
[641]
[596, 46]
[642]
[596, 47]
[643]
[48, 596]
[644]
[49, 596]
[645]
[50, 596]
[646]
[51, 596]
[647]
[52, 596]
[648]
[596, 53]
[649]
[596, 54]
[650]
[596, 55]
[651]
[596, 56]
[652]
[596, 57]
[653]
[596, 58]
[654]
[596, 59]
[655]
[596, 60]
[656]
[596, 61]
[657]
[596, 62]
[658]
[659]
[64, 596]
[660]
[65, 596]
[661]
[66, 596]
[662]
[67, 596]
[663]
[68, 596]
[596, 69]
[665]
[596, 70]
[666]
[596, 71]
[667]
[596, 72]
[596, 73]
[669]
[596, 74]
[670]
[596, 75]
[671]
[596, 76]
[672]
[596, 77]
[673]
[596, 78]
[674]
[596, 79]
[675]
[80, 596]
[676]
[81, 596]
[677]
[82, 596]
[678]
[83, 596]
[679]
[84, 596]
[680]
[596, 85]
[681]
[596, 86]
[682]
[683]
[596, 88]
[684]
[596, 89]
[685]
[596, 90]
[686]
[596, 91]
[687]
[688]
[596, 93]
[689]
[596, 94]
[690]
[596, 95]
[691]
[96, 596]
[692]
[97, 596]
[693]
[98, 596]
[694]
[695]
[100, 596]
[696]
[596, 101]
[697]
[596, 102]
[698]
[596, 103]
[699]
[596, 104]
[596, 105]
[701]
[596, 106]
[702]
[596, 107]
[703]
[596, 108]
[704]
[705]
[596, 110]
[706]
[596, 111]
[707]
[112, 596]
[708]
[113, 596]
[709]
[114, 596]
[710]
[115, 596]
[711]
[116, 596]
[712]
[596, 117]
[713]
[596, 118]
[714]
[715]
[596, 120]
[716]
[596, 121]
[717]
[596, 122]
[718]
[596, 123]
[719]
[596, 124]
[720]
[596, 125]
[721]
[596, 126]
[722]
[596, 127]
[723]
[128, 596]
[724]
[129, 596]
[725]
[130, 596]
[726]
[131, 596]
[727]
[132, 596]
[728]
[729]
[596, 134]
[730]
[596, 135]
[731]
[596, 136]
[732]
[596, 137]
[733]
[596, 138]
[734]
[596, 139]
[735]
[596, 140]
[736]
[596, 141]
[737]
[596, 142]
[738]
[596, 143]
[739]
[144, 596]
[740]
[145, 596]
[741]
[146, 596]
[742]
[147, 596]
[743]
[744]
[596, 149]
[745]
[596, 150]
[746]
[596, 151]
[596, 152]
[596, 153]
[749]
[596, 154]
[750]
[596, 155]
[751]
[596, 156]
[752]
[596, 157]
[753]
[596, 158]
[596, 159]
[755]
[160, 596]
[756]
[161, 596]
[757]
[162, 596]
[758]
[163, 596]
[759]
[164, 596]
[760]
[596, 165]
[596, 166]
[762]
[596, 167]
[763]
[596, 168]
[764]
[596, 169]
[765]
[596, 170]
[766]
[596, 171]
[767]
[596, 172]
[768]
[596, 173]
[769]
[596, 174]
[596, 175]
[771]
[176, 596]
[772]
[177, 596]
[773]
[178, 596]
[774]
[179, 596]
[775]
[180, 596]
[776]
[596, 181]
[777]
[596, 182]
[778]
[596, 183]
[779]
[780]
[596, 185]
[781]
[596, 186]
[782]
[596, 187]
[783]
[596, 188]
[784]
[596, 189]
[785]
[596, 190]
[787]
[192, 596]
[788]
[193, 596]
[789]
[194, 596]
[790]
[195, 596]
[196, 596]
[792]
[596, 197]
[793]
[596, 198]
[794]
[596, 199]
[795]
[596, 200]
[596, 201]
[797]
[596, 202]
[798]
[596, 203]
[799]
[596, 204]
[800]
[596, 205]
[801]
[596, 206]
[802]
[596, 207]
[803]
[208, 596]
[804]
[209, 596]
[805]
[210, 596]
[806]
[807]
[212, 596]
[596, 213]
[809]
[596, 214]
[810]
[596, 215]
[811]
[596, 216]
[812]
[596, 217]
[813]
[596, 218]
[814]
[596, 219]
[815]
[596, 220]
[816]
[596, 221]
[817]
[596, 222]
[818]
[596, 223]
[819]
[224, 596]
[820]
[225, 596]
[821]
[226, 596]
[822]
[227, 596]
[823]
[228, 596]
[824]
[596, 229]
[825]
[596, 230]
[826]
[596, 231]
[827]
[596, 232]
[828]
[829]
[596, 234]
[830]
[596, 235]
[831]
[596, 236]
[832]
[596, 237]
[833]
[834]
[596, 239]
[835]
[240, 596]
[241, 596]
[837]
[242, 596]
[838]
[243, 596]
[839]
[244, 596]
[840]
[596, 245]
[841]
[596, 246]
[842]
[596, 247]
[843]
[596, 248]
[844]
[596, 249]
[845]
[846]
[847]
[596, 252]
[848]
[596, 253]
[849]
[596, 254]
[850]
[596, 255]
[851]
[256, 596]
[852]
[257, 596]
[853]
[258, 596]
[854]
[259, 596]
[855]
[260, 596]
[856]
[596, 261]
[857]
[596, 262]
[858]
[596, 263]
[859]
[596, 264]
[860]
[596, 265]
[861]
[596, 266]
[862]
[596, 267]
[863]
[596, 268]
[864]
[596, 269]
[865]
[596, 270]
[866]
[867]
[272, 596]
[868]
[273, 596]
[869]
[274, 596]
[870]
[275, 596]
[871]
[276, 596]
[872]
[596, 277]
[873]
[596, 278]
[874]
[596, 279]
[596, 280]
[876]
[596, 281]
[877]
[596, 282]
[878]
[596, 283]
[879]
[880]
[596, 285]
[881]
[596, 286]
[882]
[596, 287]
[883]
[288, 596]
[884]
[289, 596]
[885]
[290, 596]
[886]
[291, 596]
[887]
[292, 596]
[888]
[596, 293]
[889]
[596, 294]
[890]
[596, 295]
[891]
[596, 296]
[892]
[596, 297]
[893]
[596, 298]
[894]
[596, 299]
[895]
[596, 300]
[896]
[596, 301]
[897]
[596, 302]
[898]
[596, 303]
[899]
[304, 596]
[900]
[305, 596]
[901]
[306, 596]
[902]
[307, 596]
[903]
[308, 596]
[904]
[596, 309]
[905]
[596, 310]
[906]
[596, 311]
[907]
[908]
[596, 313]
[909]
[596, 314]
[910]
[596, 315]
[911]
[596, 316]
[912]
[596, 317]
[913]
[596, 318]
[914]
[596, 319]
[915]
[320, 596]
[916]
[321, 596]
[917]
[322, 596]
[918]
[323, 596]
[919]
[324, 596]
[920]
[596, 325]
[921]
[596, 326]
[922]
[596, 327]
[923]
[596, 328]
[924]
[596, 329]
[925]
[596, 330]
[926]
[596, 331]
[927]
[596, 332]
[928]
[596, 333]
[596, 334]
[930]
[596, 335]
[931]
[336, 596]
[932]
[337, 596]
[933]
[338, 596]
[934]
[339, 596]
[935]
[340, 596]
[936]
[937]
[596, 342]
[938]
[596, 343]
[939]
[596, 344]
[940]
[596, 345]
[941]
[596, 346]
[942]
[596, 347]
[943]
[596, 348]
[944]
[596, 349]
[945]
[596, 350]
[946]
[596, 351]
[947]
[352, 596]
[948]
[949]
[354, 596]
[950]
[355, 596]
[951]
[356, 596]
[952]
[596, 357]
[953]
[596, 358]
[954]
[596, 359]
[596, 360]
[956]
[596, 361]
[957]
[596, 362]
[958]
[596, 363]
[959]
[596, 364]
[960]
[961]
[596, 366]
[962]
[596, 367]
[963]
[368, 596]
[964]
[369, 596]
[965]
[370, 596]
[966]
[371, 596]
[967]
[372, 596]
[968]
[596, 373]
[969]
[596, 374]
[970]
[596, 375]
[971]
[596, 376]
[972]
[596, 377]
[973]
[596, 378]
[596, 379]
[975]
[596, 380]
[596, 381]
[977]
[596, 382]
[978]
[596, 383]
[979]
[384, 596]
[980]
[385, 596]
[981]
[982]
[387, 596]
[983]
[388, 596]
[984]
[985]
[596, 390]
[986]
[596, 391]
[987]
[596, 392]
[988]
[989]
[596, 394]
[990]
[596, 395]
[991]
[596, 396]
[992]
[596, 397]
[993]
[596, 398]
[994]
[596, 399]
[995]
[400, 596]
[401, 596]
[997]
[402, 596]
[998]
[403, 596]
[999]
[596, 405]
[596, 406]
[596, 407]
[596, 408]
[596, 409]
[596, 410]
[596, 411]
[596, 412]
[596, 413]
[596, 414]
[596, 415]
[416, 596]
[417, 596]
[418, 596]
[419, 596]
[596, 421]
[596, 422]
[596, 423]
[596, 424]
[596, 426]
[596, 427]
[596, 428]
[596, 429]
[596, 430]
[596, 431]
[432, 596]
[435, 596]
[436, 596]
[596, 437]
[596, 438]
[596, 439]
[596, 440]
[596, 441]
[596, 442]
[596, 443]
[596, 444]
[596, 447]
[448, 596]
[449, 596]
[450, 596]
[451, 596]
[452, 596]
[596, 453]
[596, 454]
[596, 455]
[596, 456]
[596, 457]
[596, 458]
[596, 459]
[596, 460]
[596, 461]
[596, 462]
[596, 463]
[464, 596]
[465, 596]
[466, 596]
[467, 596]
[468, 596]
[596, 469]
[596, 470]
[596, 471]
[596, 472]
[596, 473]
[596, 474]
[596, 475]
[596, 476]
[596, 477]
[596, 478]
[596, 479]
[480, 596]
[481, 596]
[482, 596]
[483, 596]
[484, 596]
[596, 485]
[596, 486]
[596, 487]
[596, 488]
[596, 489]
[596, 490]
[596, 491]
[596, 492]
[596, 493]
[596, 494]
[596, 495]
[496, 596]
[497, 596]
[498, 596]
[499, 596]
[500, 596]
[596, 501]
[596, 502]
[596, 503]
[596, 504]
[596, 505]
[596, 507]
[596, 508]
[596, 509]
[596, 510]
[596, 511]
[512, 596]
[513, 596]
[514, 596]
[515, 596]
[516, 596]
[596, 517]
[596, 518]
[596, 520]
[596, 521]
[596, 522]
[596, 523]
[596, 524]
[596, 525]
[596, 526]
[596, 527]
[528, 596]
[529, 596]
[530, 596]
[531, 596]
[532, 596]
[596, 533]
[596, 534]
[596, 535]
[596, 536]
[596, 537]
[596, 538]
[596, 539]
[596, 540]
[596, 541]
[596, 542]
[596, 543]
[544, 596]
[545, 596]
[546, 596]
[548, 596]
[596, 549]
[596, 550]
[596, 551]
[596, 552]
[596, 553]
[596, 554]
[596, 555]
[596, 556]
[596, 557]
[596, 558]
[560, 596]
[561, 596]
[562, 596]
[563, 596]
[564, 596]
[596, 565]
[596, 566]
[596, 567]
[596, 568]
[596, 569]
[596, 570]
[596, 571]
[596, 572]
[596, 573]
[596, 574]
[596, 575]
[576, 596]
[577, 596]
[578, 596]
[579, 596]
[580, 596]
[596, 581]
[596, 582]
[596, 583]
[596, 585]
[596, 586]
[596, 588]
[596, 589]
[596, 590]
[596, 591]
[592, 596]
[593, 596]
[594, 596]
[595, 596]
[596, 597]
[596, 598]
[596, 600]
[596, 601]
[596, 602]
[596, 603]
[596, 604]
[596, 605]
[596, 606]
[608, 596]
[609, 596]
[610, 596]
[611, 596]
[596, 612]
[596, 613]
[596, 614]
[596, 615]
[596, 616]
[596, 617]
[596, 618]
[596, 619]
[596, 620]
[596, 621]
[596, 622]
[596, 623]
[624, 596]
[625, 596]
[626, 596]
[627, 596]
[596, 628]
[596, 629]
[596, 630]
[596, 631]
[596, 632]
[596, 633]
[596, 634]
[596, 635]
[596, 637]
[596, 638]
[596, 639]
[640, 596]
[641, 596]
[642, 596]
[643, 596]
[596, 644]
[596, 645]
[596, 646]
[596, 647]
[596, 648]
[596, 649]
[596, 650]
[596, 651]
[596, 652]
[596, 653]
[596, 654]
[596, 655]
[656, 596]
[657, 596]
[658, 596]
[659, 596]
[596, 660]
[596, 661]
[596, 662]
[596, 663]
[596, 665]
[596, 666]
[596, 667]
[596, 669]
[596, 670]
[596, 671]
[672, 596]
[673, 596]
[674, 596]
[675, 596]
[596, 676]
[596, 677]
[596, 678]
[596, 679]
[596, 680]
[596, 681]
[596, 682]
[596, 683]
[596, 684]
[596, 685]
[596, 686]
[596, 687]
[688, 596]
[689, 596]
[690, 596]
[691, 596]
[596, 692]
[596, 694]
[596, 695]
[596, 696]
[596, 697]
[596, 698]
[596, 699]
[596, 701]
[596, 702]
[596, 703]
[704, 596]
[705, 596]
[706, 596]
[707, 596]
[596, 708]
[596, 709]
[596, 710]
[596, 711]
[596, 712]
[596, 713]
[596, 714]
[596, 715]
[596, 716]
[596, 717]
[596, 718]
[596, 719]
[720, 596]
[721, 596]
[722, 596]
[723, 596]
[596, 724]
[596, 725]
[596, 726]
[596, 727]
[596, 728]
[596, 729]
[596, 730]
[596, 731]
[596, 732]
[596, 733]
[596, 734]
[596, 735]
[736, 596]
[737, 596]
[738, 596]
[739, 596]
[596, 740]
[596, 741]
[596, 742]
[596, 743]
[596, 744]
[596, 745]
[596, 746]
[596, 749]
[596, 750]
[596, 751]
[752, 596]
[753, 596]
[755, 596]
[596, 756]
[596, 757]
[596, 758]
[596, 759]
[596, 760]
[596, 762]
[596, 763]
[596, 764]
[596, 765]
[596, 766]
[596, 767]
[768, 596]
[769, 596]
[771, 596]
[596, 772]
[596, 773]
[596, 774]
[596, 775]
[596, 776]
[596, 777]
[596, 778]
[596, 779]
[596, 780]
[596, 781]
[596, 782]
[596, 783]
[784, 596]
[785, 596]
[787, 596]
[596, 788]
[596, 789]
[596, 790]
[596, 792]
[596, 793]
[596, 794]
[596, 795]
[596, 797]
[596, 798]
[596, 799]
[800, 596]
[801, 596]
[802, 596]
[803, 596]
[596, 804]
[596, 805]
[596, 806]
[596, 807]
[596, 809]
[596, 810]
[596, 811]
[596, 812]
[596, 813]
[596, 814]
[596, 815]
[816, 596]
[817, 596]
[818, 596]
[819, 596]
[596, 820]
[596, 821]
[596, 822]
[596, 823]
[596, 824]
[596, 825]
[596, 826]
[596, 827]
[596, 828]
[596, 829]
[596, 830]
[596, 831]
[832, 596]
[833, 596]
[834, 596]
[835, 596]
[596, 837]
[596, 838]
[596, 839]
[596, 840]
[596, 841]
[596, 842]
[596, 843]
[596, 844]
[596, 845]
[596, 846]
[596, 847]
[848, 596]
[849, 596]
[850, 596]
[851, 596]
[596, 852]
[596, 853]
[596, 854]
[596, 855]
[596, 856]
[596, 857]
[596, 858]
[596, 859]
[596, 860]
[596, 861]
[596, 862]
[596, 863]
[864, 596]
[865, 596]
[866, 596]
[867, 596]
[596, 868]
[596, 869]
[596, 870]
[596, 871]
[596, 872]
[596, 873]
[596, 874]
[596, 876]
[596, 877]
[596, 878]
[596, 879]
[880, 596]
[881, 596]
[882, 596]
[883, 596]
[596, 884]
[596, 885]
[596, 886]
[596, 887]
[596, 888]
[596, 889]
[596, 890]
[596, 891]
[596, 892]
[596, 893]
[596, 894]
[596, 895]
[896, 596]
[897, 596]
[898, 596]
[899, 596]
[596, 900]
[596, 901]
[596, 902]
[596, 903]
[596, 904]
[596, 905]
[596, 906]
[596, 907]
[596, 908]
[596, 909]
[596, 910]
[596, 911]
[912, 596]
[913, 596]
[914, 596]
[915, 596]
[596, 916]
[596, 917]
[596, 918]
[596, 919]
[596, 920]
[596, 921]
[596, 922]
[596, 923]
[596, 924]
[596, 925]
[596, 926]
[596, 927]
[928, 596]
[930, 596]
[931, 596]
[596, 932]
[596, 933]
[596, 934]
[596, 935]
[596, 936]
[596, 937]
[596, 938]
[596, 939]
[596, 940]
[596, 941]
[596, 942]
[596, 943]
[944, 596]
[945, 596]
[946, 596]
[947, 596]
[596, 948]
[596, 949]
[596, 950]
[596, 951]
[596, 952]
[596, 953]
[596, 954]
[596, 956]
[596, 957]
[596, 958]
[596, 959]
[960, 596]
[961, 596]
[962, 596]
[963, 596]
[596, 964]
[596, 965]
[596, 966]
[596, 967]
[596, 968]
[596, 969]
[596, 970]
[596, 971]
[596, 972]
[596, 973]
[596, 975]
[977, 596]
[978, 596]
[979, 596]
[596, 980]
[596, 981]
[596, 982]
[596, 983]
[596, 984]
[596, 985]
[596, 986]
[596, 987]
[596, 988]
[596, 989]
[596, 990]
[596, 991]
[992, 596]
[993, 596]
[994, 596]
[995, 596]
[596, 997]
[596, 998]
[596, 999]
