Running time: 64318 ms
minpro: 0.6
minsup: 0.02
PMFIs:
[0]
[1]
[2]
[3]
[4]
[5]
[6]
[7]
[8]
[10]
[11]
[12]
[13]
[14]
[15]
[16]
[17]
[18]
[19]
[20]
[21]
[22]
[23]
[24]
[25]
[26]
[27]
[28]
[29]
[31]
[32]
[33]
[34]
[35]
[36]
[37]
[38]
[39]
[40]
[41]
[42]
[43]
[44]
[45]
[46]
[47]
[48]
[49]
[51]
[52]
[53]
[54]
[55]
[56]
[57]
[58]
[59]
[62]
[64]
[66]
[67]
[68]
[69]
[70]
[71]
[72]
[73]
[74]
[75]
[78]
[80]
[81]
[82]
[83]
[85]
[86]
[88]
[89]
[90]
[91]
[93]
[94]
[95]
[96]
[97]
[98]
[100]
[101]
[102]
[103]
[104]
[105]
[108]
[110]
[111]
[112]
[113]
[114]
[115]
[116]
[117]
[118]
[120]
[121]
[122]
[123]
[124]
[125]
[126]
[127]
[128]
[129]
[130]
[131]
[132]
[135]
[136]
[137]
[138]
[139]
[140]
[141]
[142]
[143]
[144]
[145]
[146]
[147]
[150]
[151]
[152]
[153]
[154]
[155]
[156]
[157]
[158]
[159]
[160]
[161]
[162]
[163]
[164]
[165]
[166]
[167]
[168]
[169]
[170]
[171]
[172]
[173]
[174]
[175]
[176]
[177]
[178]
[179]
[180]
[181]
[182]
[183]
[185]
[186]
[187]
[188]
[189]
[190]
[191]
[192]
[193]
[194]
[196]
[197]
[198]
[199]
[201]
[202]
[203]
[204]
[205]
[206]
[207]
[208]
[209]
[210]
[212]
[213]
[214]
[215]
[216]
[217]
[218]
[220]
[222]
[224]
[225]
[226]
[227]
[228]
[229]
[230]
[231]
[234]
[236]
[237]
[239]
[240]
[241]
[242]
[244]
[245]
[246]
[247]
[248]
[249]
[252]
[254]
[255]
[256]
[257]
[258]
[259]
[261]
[262]
[263]
[264]
[265]
[266]
[267]
[268]
[269]
[270]
[272]
[273]
[274]
[275]
[276]
[277]
[278]
[279]
[280]
[281]
[282]
[283]
[285]
[286]
[287]
[289]
[290]
[292]
[293]
[294]
[295]
[296]
[297]
[298]
[299]
[300]
[301]
[303]
[304]
[305]
[306]
[307]
[308]
[309]
[310]
[311]
[313]
[314]
[315]
[316]
[317]
[318]
[319]
[320]
[321]
[322]
[324]
[325]
[326]
[327]
[328]
[329]
[330]
[331]
[332]
[333]
[334]
[335]
[336]
[338]
[339]
[342]
[343]
[345]
[346]
[347]
[348]
[349]
[350]
[351]
[352]
[354]
[355]
[356]
[357]
[358]
[360]
[361]
[362]
[363]
[364]
[366]
[367]
[368]
[369]
[370]
[371]
[372]
[373]
[374]
[375]
[376]
[377]
[378]
[379]
[381]
[382]
[383]
[384]
[385]
[387]
[388]
[390]
[391]
[392]
[394]
[395]
[396]
[397]
[398]
[399]
[400]
[401]
[402]
[403]
[405]
[406]
[407]
[408]
[409]
[411]
[412]
[413]
[414]
[415]
[417]
[418]
[419]
[421]
[422]
[423]
[424]
[426]
[427]
[428]
[429]
[430]
[431]
[432]
[435]
[436]
[437]
[438]
[439]
[440]
[441]
[442]
[443]
[444]
[447]
[448]
[449]
[450]
[451]
[452]
[453]
[454]
[455]
[456]
[458]
[459]
[460]
[461]
[462]
[464]
[465]
[466]
[467]
[468]
[469]
[470]
[471]
[472]
[473]
[474]
[475]
[476]
[477]
[478]
[479]
[480]
[481]
[482]
[483]
[484]
[485]
[486]
[487]
[489]
[490]
[491]
[492]
[493]
[494]
[495]
[496]
[498]
[499]
[500]
[501]
[502]
[503]
[504]
[505]
[507]
[508]
[509]
[510]
[511]
[512]
[513]
[514]
[515]
[516]
[517]
[518]
[520]
[521]
[522]
[523]
[524]
[525]
[526]
[527]
[528]
[529]
[530]
[531]
[532]
[533]
[534]
[535]
[536]
[537]
[538]
[539]
[540]
[541]
[544]
[545]
[546]
[548]
[550]
[551]
[552]
[553]
[554]
[556]
[557]
[558]
[560]
[561]
[562]
[563]
[564]
[565]
[567]
[568]
[569]
[571]
[572]
[573]
[574]
[575]
[576]
[577]
[578]
[579]
[580]
[581]
[582]
[583]
[585]
[588]
[589]
[590]
[591]
[592]
[593]
[594]
[595]
[596]
[597]
[598]
[600]
[601]
[602]
[603]
[604]
[605]
[606]
[608]
[609]
[610]
[611]
[612]
[613]
[614]
[0, 615]
[615]
[1, 615]
[616]
[2, 615]
[617]
[3, 615]
[618]
[4, 615]
[619]
[5, 615]
[620]
[6, 615]
[7, 615]
[622]
[615, 8]
[623]
[624]
[615, 10]
[615, 11]
[626]
[615, 12]
[627]
[615, 13]
[628]
[615, 14]
[629]
[615, 15]
[630]
[16, 615]
[631]
[17, 615]
[632]
[18, 615]
[633]
[19, 615]
[634]
[20, 615]
[635]
[21, 615]
[22, 615]
[637]
[23, 615]
[638]
[615, 24]
[639]
[615, 25]
[640]
[615, 26]
[641]
[615, 27]
[642]
[615, 28]
[643]
[615, 29]
[644]
[645]
[615, 31]
[32, 615]
[647]
[33, 615]
[648]
[34, 615]
[649]
[35, 615]
[650]
[36, 615]
[651]
[37, 615]
[652]
[38, 615]
[653]
[39, 615]
[615, 40]
[655]
[615, 41]
[656]
[615, 42]
[657]
[615, 43]
[658]
[615, 44]
[659]
[615, 45]
[660]
[615, 46]
[661]
[615, 47]
[662]
[48, 615]
[663]
[49, 615]
[665]
[51, 615]
[666]
[52, 615]
[53, 615]
[54, 615]
[55, 615]
[670]
[615, 56]
[671]
[615, 57]
[672]
[615, 58]
[673]
[615, 59]
[674]
[675]
[676]
[615, 62]
[677]
[678]
[64, 615]
[679]
[680]
[66, 615]
[681]
[67, 615]
[682]
[68, 615]
[683]
[69, 615]
[684]
[70, 615]
[685]
[71, 615]
[686]
[615, 72]
[687]
[615, 73]
[688]
[615, 74]
[689]
[615, 75]
[690]
[691]
[692]
[615, 78]
[693]
[694]
[80, 615]
[695]
[81, 615]
[696]
[82, 615]
[697]
[83, 615]
[698]
[699]
[85, 615]
[86, 615]
[701]
[702]
[615, 88]
[703]
[615, 89]
[704]
[615, 90]
[705]
[615, 91]
[706]
[707]
[615, 93]
[708]
[615, 94]
[709]
[615, 95]
[710]
[96, 615]
[711]
[97, 615]
[712]
[98, 615]
[713]
[714]
[100, 615]
[715]
[101, 615]
[716]
[102, 615]
[103, 615]
[718]
[615, 104]
[719]
[615, 105]
[720]
[721]
[722]
[615, 108]
[723]
[724]
[615, 110]
[725]
[615, 111]
[726]
[112, 615]
[113, 615]
[114, 615]
[729]
[115, 615]
[730]
[116, 615]
[731]
[117, 615]
[732]
[118, 615]
[733]
[734]
[615, 120]
[735]
[615, 121]
[736]
[615, 122]
[615, 123]
[738]
[615, 124]
[739]
[615, 125]
[740]
[615, 126]
[741]
[615, 127]
[742]
[128, 615]
[743]
[129, 615]
[744]
[130, 615]
[745]
[131, 615]
[746]
[132, 615]
[749]
[135, 615]
[750]
[615, 136]
[751]
[615, 137]
[752]
[615, 138]
[753]
[615, 139]
[615, 140]
[755]
[615, 141]
[615, 142]
[757]
[615, 143]
[758]
[144, 615]
[759]
[145, 615]
[760]
[146, 615]
[147, 615]
[762]
[763]
[764]
[150, 615]
[765]
[151, 615]
[766]
[615, 152]
[767]
[615, 153]
[768]
[615, 154]
[769]
[615, 155]
[615, 156]
[771]
[615, 157]
[615, 158]
[773]
[615, 159]
[774]
[160, 615]
[775]
[161, 615]
[776]
[162, 615]
[777]
[163, 615]
[778]
[164, 615]
[779]
[165, 615]
[780]
[166, 615]
[781]
[167, 615]
[782]
[615, 168]
[783]
[615, 169]
[784]
[615, 170]
[785]
[615, 171]
[615, 172]
[787]
[615, 173]
[788]
[615, 174]
[789]
[615, 175]
[790]
[176, 615]
[177, 615]
[792]
[178, 615]
[793]
[179, 615]
[794]
[180, 615]
[795]
[181, 615]
[182, 615]
[797]
[183, 615]
[798]
[799]
[615, 185]
[800]
[615, 186]
[801]
[615, 187]
[802]
[615, 188]
[803]
[615, 189]
[804]
[615, 190]
[805]
[615, 191]
[806]
[192, 615]
[807]
[193, 615]
[194, 615]
[809]
[810]
[196, 615]
[811]
[197, 615]
[812]
[198, 615]
[813]
[199, 615]
[814]
[815]
[615, 201]
[615, 202]
[817]
[615, 203]
[818]
[615, 204]
[819]
[615, 205]
[820]
[615, 206]
[821]
[615, 207]
[822]
[208, 615]
[823]
[209, 615]
[824]
[210, 615]
[825]
[826]
[212, 615]
[827]
[213, 615]
[828]
[214, 615]
[829]
[215, 615]
[830]
[615, 216]
[831]
[615, 217]
[832]
[615, 218]
[833]
[834]
[615, 220]
[835]
[615, 222]
[837]
[838]
[224, 615]
[839]
[225, 615]
[840]
[226, 615]
[841]
[227, 615]
[842]
[228, 615]
[843]
[229, 615]
[844]
[230, 615]
[845]
[231, 615]
[846]
[847]
[615, 234]
[849]
[850]
[615, 236]
[851]
[615, 237]
[852]
[853]
[615, 239]
[854]
[240, 615]
[855]
[241, 615]
[856]
[242, 615]
[857]
[858]
[244, 615]
[859]
[860]
[246, 615]
[247, 615]
[862]
[615, 248]
[615, 249]
[864]
[865]
[866]
[615, 252]
[867]
[868]
[615, 254]
[869]
[615, 255]
[870]
[256, 615]
[871]
[257, 615]
[872]
[258, 615]
[259, 615]
[874]
[261, 615]
[876]
[262, 615]
[877]
[263, 615]
[878]
[615, 264]
[879]
[615, 265]
[880]
[615, 266]
[881]
[615, 267]
[882]
[615, 268]
[883]
[615, 269]
[884]
[615, 270]
[885]
[886]
[272, 615]
[887]
[273, 615]
[888]
[274, 615]
[889]
[275, 615]
[890]
[276, 615]
[891]
[277, 615]
[892]
[278, 615]
[893]
[279, 615]
[894]
[615, 280]
[895]
[615, 281]
[896]
[615, 282]
[897]
[615, 283]
[898]
[899]
[615, 285]
[900]
[615, 286]
[901]
[615, 287]
[902]
[903]
[289, 615]
[904]
[290, 615]
[905]
[906]
[292, 615]
[293, 615]
[294, 615]
[909]
[295, 615]
[910]
[615, 296]
[911]
[615, 297]
[912]
[615, 298]
[913]
[615, 299]
[914]
[615, 300]
[915]
[615, 301]
[916]
[917]
[615, 303]
[918]
[304, 615]
[919]
[305, 615]
[920]
[306, 615]
[921]
[307, 615]
[922]
[308, 615]
[923]
[309, 615]
[310, 615]
[925]
[311, 615]
[926]
[927]
[615, 313]
[928]
[615, 314]
[615, 315]
[930]
[615, 316]
[931]
[615, 317]
[932]
[615, 318]
[933]
[615, 319]
[934]
[320, 615]
[935]
[321, 615]
[936]
[322, 615]
[937]
[938]
[324, 615]
[939]
[325, 615]
[940]
[326, 615]
[941]
[327, 615]
[942]
[615, 328]
[943]
[615, 329]
[944]
[615, 330]
[945]
[615, 331]
[946]
[615, 332]
[947]
[615, 333]
[948]
[615, 334]
[949]
[615, 335]
[950]
[336, 615]
[951]
[952]
[338, 615]
[953]
[339, 615]
[954]
[956]
[342, 615]
[343, 615]
[958]
[959]
[615, 345]
[960]
[615, 346]
[961]
[615, 347]
[615, 348]
[963]
[615, 349]
[964]
[615, 350]
[965]
[615, 351]
[966]
[352, 615]
[967]
[354, 615]
[969]
[355, 615]
[970]
[356, 615]
[357, 615]
[972]
[358, 615]
[973]
[615, 360]
[975]
[615, 361]
[615, 362]
[977]
[615, 363]
[978]
[615, 364]
[979]
[980]
[615, 366]
[981]
[615, 367]
[982]
[368, 615]
[983]
[369, 615]
[984]
[370, 615]
[985]
[371, 615]
[986]
[372, 615]
[373, 615]
[988]
[374, 615]
[989]
[375, 615]
[990]
[615, 376]
[991]
[615, 377]
[992]
[615, 378]
[615, 379]
[994]
[995]
[615, 381]
[615, 382]
[997]
[615, 383]
[998]
[384, 615]
[999]
[385, 615]
[387, 615]
[388, 615]
[390, 615]
[391, 615]
[615, 392]
[615, 394]
[615, 395]
[615, 396]
[615, 397]
[615, 398]
[615, 399]
[400, 615]
[401, 615]
[402, 615]
[403, 615]
[405, 615]
[406, 615]
[407, 615]
[615, 408]
[615, 409]
[615, 411]
[615, 412]
[615, 413]
[615, 414]
[615, 415]
[417, 615]
[418, 615]
[419, 615]
[421, 615]
[422, 615]
[423, 615]
[615, 424]
[615, 426]
[615, 427]
[615, 428]
[615, 429]
[615, 430]
[615, 431]
[432, 615]
[435, 615]
[436, 615]
[437, 615]
[438, 615]
[439, 615]
[615, 440]
[615, 441]
[615, 442]
[615, 443]
[615, 444]
[615, 447]
[448, 615]
[449, 615]
[450, 615]
[451, 615]
[452, 615]
[453, 615]
[454, 615]
[455, 615]
[615, 456]
[615, 458]
[615, 459]
[615, 460]
[615, 461]
[615, 462]
[464, 615]
[465, 615]
[466, 615]
[467, 615]
[468, 615]
[469, 615]
[470, 615]
[471, 615]
[615, 472]
[615, 473]
[615, 474]
[615, 475]
[615, 476]
[615, 477]
[615, 478]
[615, 479]
[480, 615]
[481, 615]
[482, 615]
[483, 615]
[484, 615]
[485, 615]
[486, 615]
[487, 615]
[615, 489]
[615, 490]
[615, 491]
[615, 492]
[615, 493]
[615, 494]
[615, 495]
[496, 615]
[498, 615]
[499, 615]
[500, 615]
[501, 615]
[502, 615]
[503, 615]
[615, 504]
[615, 505]
[615, 507]
[615, 508]
[615, 509]
[615, 510]
[615, 511]
[512, 615]
[513, 615]
[514, 615]
[515, 615]
[516, 615]
[517, 615]
[518, 615]
[615, 520]
[615, 521]
[615, 522]
[615, 523]
[615, 524]
[615, 525]
[615, 526]
[615, 527]
[528, 615]
[529, 615]
[530, 615]
[531, 615]
[532, 615]
[533, 615]
[534, 615]
[535, 615]
[615, 536]
[615, 537]
[615, 538]
[615, 539]
[615, 540]
[615, 541]
[544, 615]
[545, 615]
[546, 615]
[548, 615]
[550, 615]
[551, 615]
[615, 552]
[615, 553]
[615, 554]
[615, 556]
[615, 557]
[615, 558]
[560, 615]
[561, 615]
[562, 615]
[563, 615]
[564, 615]
[565, 615]
[567, 615]
[615, 568]
[615, 569]
[615, 571]
[615, 572]
[615, 573]
[615, 574]
[615, 575]
[576, 615]
[577, 615]
[578, 615]
[579, 615]
[580, 615]
[581, 615]
[582, 615]
[583, 615]
[615, 585]
[615, 588]
[615, 589]
[615, 590]
[615, 591]
[592, 615]
[593, 615]
[594, 615]
[595, 615]
[596, 615]
[597, 615]
[598, 615]
[615, 600]
[615, 601]
[615, 602]
[615, 603]
[615, 604]
[615, 605]
[615, 606]
[608, 615]
[609, 615]
[610, 615]
[611, 615]
[612, 615]
[613, 615]
[614, 615]
[615, 616]
[615, 617]
[615, 618]
[615, 620]
[615, 622]
[615, 623]
[624, 615]
[626, 615]
[627, 615]
[628, 615]
[629, 615]
[630, 615]
[615, 631]
[615, 632]
[615, 633]
[615, 634]
[615, 635]
[615, 637]
[615, 638]
[615, 639]
[640, 615]
[641, 615]
[642, 615]
[643, 615]
[644, 615]
[645, 615]
[615, 647]
[615, 648]
[615, 649]
[615, 650]
[615, 651]
[615, 652]
[615, 653]
[615, 655]
[656, 615]
[657, 615]
[658, 615]
[659, 615]
[660, 615]
[661, 615]
[662, 615]
[615, 663]
[615, 665]
[615, 666]
[615, 670]
[615, 671]
[672, 615]
[673, 615]
[674, 615]
[675, 615]
[676, 615]
[677, 615]
[678, 615]
[615, 679]
[615, 680]
[615, 681]
[615, 682]
[615, 683]
[615, 684]
[615, 685]
[615, 686]
[615, 687]
[688, 615]
[689, 615]
[690, 615]
[691, 615]
[692, 615]
[693, 615]
[694, 615]
[615, 695]
[615, 696]
[615, 697]
[615, 698]
[615, 699]
[615, 701]
[615, 702]
[615, 703]
[704, 615]
[705, 615]
[706, 615]
[707, 615]
[708, 615]
[709, 615]
[710, 615]
[615, 711]
[615, 712]
[615, 713]
[615, 714]
[615, 715]
[615, 716]
[615, 718]
[615, 719]
[720, 615]
[721, 615]
[722, 615]
[723, 615]
[724, 615]
[725, 615]
[726, 615]
[615, 729]
[615, 730]
[615, 731]
[615, 732]
[615, 733]
[615, 734]
[615, 735]
[736, 615]
[738, 615]
[739, 615]
[740, 615]
[741, 615]
[742, 615]
[615, 743]
[615, 744]
[615, 745]
[615, 746]
[615, 749]
[615, 750]
[615, 751]
[752, 615]
[753, 615]
[755, 615]
[757, 615]
[758, 615]
[615, 759]
[615, 760]
[615, 762]
[615, 763]
[615, 764]
[615, 765]
[615, 766]
[615, 767]
[768, 615]
[769, 615]
[771, 615]
[773, 615]
[774, 615]
[615, 775]
[615, 776]
[615, 777]
[615, 778]
[615, 779]
[615, 780]
[615, 781]
[615, 782]
[615, 783]
[784, 615]
[785, 615]
[787, 615]
[788, 615]
[789, 615]
[790, 615]
[615, 792]
[615, 793]
[615, 794]
[615, 795]
[615, 797]
[615, 798]
[615, 799]
[800, 615]
[801, 615]
[802, 615]
[803, 615]
[804, 615]
[805, 615]
[806, 615]
[615, 807]
[615, 809]
[615, 810]
[615, 811]
[615, 812]
[615, 813]
[615, 814]
[615, 815]
[817, 615]
[818, 615]
[819, 615]
[820, 615]
[821, 615]
[822, 615]
[615, 823]
[615, 824]
[615, 825]
[615, 826]
[615, 827]
[615, 828]
[615, 829]
[615, 830]
[615, 831]
[832, 615]
[833, 615]
[834, 615]
[835, 615]
[837, 615]
[838, 615]
[615, 839]
[615, 840]
[615, 841]
[615, 842]
[615, 843]
[615, 844]
[615, 845]
[615, 846]
[615, 847]
[849, 615]
[850, 615]
[851, 615]
[852, 615]
[853, 615]
[854, 615]
[615, 855]
[615, 856]
[615, 857]
[615, 858]
[615, 859]
[615, 860]
[615, 862]
[245, 615, 619]
[864, 615]
[865, 615]
[866, 615]
[867, 615]
[868, 615]
[869, 615]
[870, 615]
[615, 871]
[615, 872]
[615, 874]
[615, 876]
[615, 877]
[615, 878]
[615, 879]
[880, 615]
[881, 615]
[882, 615]
[883, 615]
[884, 615]
[885, 615]
[886, 615]
[615, 887]
[615, 888]
[615, 889]
[615, 890]
[615, 891]
[615, 892]
[615, 893]
[615, 894]
[615, 895]
[896, 615]
[897, 615]
[898, 615]
[899, 615]
[900, 615]
[901, 615]
[902, 615]
[615, 903]
[615, 904]
[615, 905]
[615, 906]
[615, 909]
[615, 910]
[615, 911]
[912, 615]
[913, 615]
[914, 615]
[915, 615]
[916, 615]
[917, 615]
[918, 615]
[615, 919]
[615, 920]
[615, 921]
[615, 922]
[615, 923]
[615, 925]
[615, 926]
[615, 927]
[928, 615]
[930, 615]
[931, 615]
[932, 615]
[933, 615]
[934, 615]
[615, 935]
[615, 936]
[615, 937]
[615, 938]
[615, 939]
[615, 940]
[615, 941]
[615, 942]
[615, 943]
[944, 615]
[945, 615]
[946, 615]
[947, 615]
[948, 615]
[949, 615]
[950, 615]
[615, 951]
[615, 952]
[615, 953]
[615, 954]
[615, 956]
[615, 958]
[615, 959]
[960, 615]
[961, 615]
[963, 615]
[964, 615]
[965, 615]
[966, 615]
[615, 967]
[615, 969]
[615, 970]
[615, 972]
[615, 973]
[615, 975]
[977, 615]
[978, 615]
[979, 615]
[980, 615]
[981, 615]
[982, 615]
[615, 983]
[615, 984]
[615, 985]
[615, 986]
[615, 988]
[615, 989]
[615, 990]
[615, 991]
[992, 615]
[994, 615]
[995, 615]
[997, 615]
[998, 615]
[615, 999]
