Running time: 321402 ms
 Transactions count from database : 80000
 Uncertain itemsets count : 12777
minpro: 0.6
minsup: 0.02
PMFIs:
[0]
[1]
[2]
[3]
[4]
[5]
[6]
[7]
[8]
[10]
[11]
[12]
[13]
[14]
[15]
[16]
[17]
[18]
[19]
[20]
[21]
[22]
[23]
[24]
[25]
[26]
[27]
[28]
[29]
[31]
[32]
[33]
[34]
[35]
[36]
[37]
[38]
[39]
[40]
[41]
[42]
[43]
[44]
[45]
[46]
[47]
[48]
[49]
[51]
[52]
[53]
[54]
[55]
[56]
[57]
[58]
[59]
[62]
[64]
[66]
[67]
[68]
[69]
[70]
[71]
[72]
[73]
[74]
[75]
[78]
[80]
[81]
[82]
[83]
[85]
[86]
[88]
[89]
[90]
[91]
[93]
[94]
[95]
[96]
[97]
[98]
[100]
[101]
[102]
[103]
[104]
[105]
[108]
[110]
[111]
[112]
[113]
[114]
[115]
[116]
[117]
[118]
[120]
[121]
[122]
[123]
[124]
[125]
[126]
[127]
[128]
[129]
[130]
[131]
[132]
[135]
[136]
[137]
[138]
[139]
[140]
[141]
[142]
[143]
[144]
[145]
[146]
[147]
[150]
[151]
[152]
[153]
[154]
[155]
[156]
[157]
[158]
[159]
[160]
[161]
[162]
[163]
[164]
[165]
[166]
[167]
[168]
[169]
[170]
[171]
[172]
[173]
[174]
[175]
[176]
[177]
[178]
[179]
[180]
[181]
[182]
[183]
[185]
[186]
[187]
[188]
[189]
[190]
[191]
[192]
[193]
[194]
[196]
[197]
[198]
[199]
[201]
[202]
[203]
[204]
[205]
[206]
[207]
[208]
[209]
[210]
[212]
[213]
[214]
[215]
[216]
[217]
[218]
[220]
[222]
[224]
[225]
[226]
[227]
[228]
[229]
[230]
[231]
[234]
[236]
[237]
[239]
[240]
[241]
[242]
[244]
[0, 245]
[245]
[1, 245]
[246]
[2, 245]
[247]
[3, 245]
[248]
[4, 245]
[249]
[5, 245]
[245, 6]
[245, 7]
[252]
[245, 8]
[254]
[245, 10]
[255]
[245, 11]
[256]
[245, 12]
[257]
[245, 13]
[258]
[245, 14]
[259]
[245, 15]
[16, 245]
[261]
[17, 245]
[262]
[18, 245]
[263]
[19, 245]
[264]
[20, 245]
[265]
[21, 245]
[266]
[245, 22]
[267]
[245, 23]
[268]
[245, 24]
[269]
[245, 25]
[270]
[245, 26]
[245, 27]
[272]
[245, 28]
[273]
[245, 29]
[274]
[275]
[245, 31]
[276]
[32, 245]
[277]
[33, 245]
[278]
[34, 245]
[279]
[35, 245]
[280]
[36, 245]
[281]
[37, 245]
[282]
[245, 38]
[283]
[245, 39]
[245, 40]
[285]
[245, 41]
[286]
[245, 42]
[287]
[245, 43]
[245, 44]
[289]
[245, 45]
[290]
[245, 46]
[245, 47]
[292]
[48, 245]
[293]
[49, 245]
[294]
[295]
[51, 245]
[296]
[52, 245]
[297]
[53, 245]
[298]
[245, 54]
[299]
[245, 55]
[300]
[245, 56]
[301]
[245, 57]
[245, 58]
[303]
[245, 59]
[304]
[305]
[306]
[245, 62]
[307]
[308]
[64, 245]
[309]
[310]
[66, 245]
[311]
[67, 245]
[68, 245]
[313]
[69, 245]
[314]
[245, 70]
[315]
[245, 71]
[316]
[245, 72]
[317]
[245, 73]
[318]
[245, 74]
[319]
[245, 75]
[320]
[321]
[322]
[245, 78]
[324]
[80, 245]
[325]
[81, 245]
[326]
[82, 245]
[327]
[83, 245]
[328]
[329]
[85, 245]
[330]
[245, 86]
[331]
[332]
[245, 88]
[333]
[245, 89]
[334]
[245, 90]
[335]
[245, 91]
[336]
[245, 93]
[338]
[245, 94]
[339]
[245, 95]
[96, 245]
[97, 245]
[342]
[98, 245]
[343]
[100, 245]
[345]
[101, 245]
[346]
[245, 102]
[347]
[245, 103]
[348]
[245, 104]
[349]
[245, 105]
[350]
[351]
[352]
[245, 108]
[354]
[245, 110]
[355]
[245, 111]
[356]
[112, 245]
[357]
[113, 245]
[358]
[114, 245]
[115, 245]
[360]
[116, 245]
[361]
[117, 245]
[362]
[245, 118]
[363]
[364]
[245, 120]
[245, 121]
[366]
[245, 122]
[367]
[245, 123]
[368]
[245, 124]
[369]
[245, 125]
[370]
[245, 126]
[371]
[245, 127]
[372]
[128, 245]
[373]
[129, 245]
[374]
[130, 245]
[375]
[131, 245]
[376]
[132, 245]
[377]
[378]
[379]
[245, 135]
[245, 136]
[381]
[245, 137]
[382]
[245, 138]
[383]
[245, 139]
[384]
[245, 140]
[385]
[245, 141]
[245, 142]
[387]
[245, 143]
[388]
[144, 245]
[145, 245]
[390]
[146, 245]
[391]
[147, 245]
[392]
[394]
[245, 150]
[395]
[245, 151]
[396]
[245, 152]
[397]
[245, 153]
[398]
[245, 154]
[399]
[245, 155]
[400]
[245, 156]
[401]
[245, 157]
[402]
[245, 158]
[403]
[245, 159]
[160, 245]
[405]
[161, 245]
[406]
[162, 245]
[407]
[163, 245]
[408]
[164, 245]
[409]
[165, 245]
[245, 166]
[411]
[245, 167]
[412]
[245, 168]
[413]
[245, 169]
[414]
[245, 170]
[415]
[245, 171]
[245, 172]
[417]
[245, 173]
[418]
[245, 174]
[419]
[245, 175]
[176, 245]
[421]
[177, 245]
[422]
[178, 245]
[423]
[179, 245]
[424]
[180, 245]
[181, 245]
[426]
[245, 182]
[427]
[245, 183]
[428]
[429]
[245, 185]
[430]
[245, 186]
[431]
[245, 187]
[432]
[245, 188]
[245, 189]
[245, 190]
[435]
[245, 191]
[436]
[192, 245]
[437]
[193, 245]
[438]
[194, 245]
[439]
[440]
[196, 245]
[441]
[197, 245]
[442]
[245, 198]
[443]
[245, 199]
[444]
[245, 201]
[245, 202]
[447]
[245, 203]
[448]
[245, 204]
[449]
[245, 205]
[450]
[245, 206]
[451]
[245, 207]
[452]
[208, 245]
[453]
[209, 245]
[454]
[210, 245]
[455]
[456]
[212, 245]
[213, 245]
[458]
[245, 214]
[459]
[245, 215]
[460]
[245, 216]
[461]
[245, 217]
[462]
[245, 218]
[464]
[245, 220]
[465]
[466]
[245, 222]
[467]
[468]
[224, 245]
[469]
[225, 245]
[470]
[226, 245]
[471]
[227, 245]
[472]
[228, 245]
[473]
[229, 245]
[474]
[245, 230]
[475]
[245, 231]
[476]
[477]
[478]
[245, 234]
[479]
[480]
[245, 236]
[481]
[245, 237]
[482]
[483]
[245, 239]
[484]
[240, 245]
[485]
[241, 245]
[486]
[242, 245]
[487]
[244, 245]
[489]
[490]
[245, 246]
[491]
[245, 247]
[492]
[245, 248]
[493]
[245, 249]
[494]
[495]
[496]
[245, 252]
[498]
[245, 254]
[499]
[245, 255]
[500]
[256, 245]
[501]
[257, 245]
[502]
[258, 245]
[503]
[259, 245]
[504]
[505]
[245, 261]
[245, 262]
[507]
[245, 263]
[508]
[245, 264]
[509]
[245, 265]
[510]
[245, 266]
[511]
[245, 267]
[512]
[245, 268]
[513]
[245, 269]
[514]
[245, 270]
[515]
[516]
[272, 245]
[517]
[273, 245]
[518]
[274, 245]
[275, 245]
[520]
[276, 245]
[521]
[245, 277]
[522]
[245, 278]
[523]
[245, 279]
[524]
[245, 280]
[525]
[245, 281]
[526]
[245, 282]
[527]
[245, 283]
[528]
[529]
[245, 285]
[530]
[245, 286]
[531]
[245, 287]
[532]
[533]
[289, 245]
[534]
[290, 245]
[535]
[536]
[292, 245]
[537]
[245, 293]
[538]
[245, 294]
[539]
[245, 295]
[540]
[245, 296]
[541]
[245, 297]
[245, 298]
[245, 299]
[544]
[245, 300]
[545]
[245, 301]
[546]
[245, 303]
[548]
[304, 245]
[305, 245]
[550]
[306, 245]
[551]
[307, 245]
[552]
[308, 245]
[553]
[245, 309]
[554]
[245, 310]
[245, 311]
[556]
[557]
[245, 313]
[558]
[245, 314]
[245, 315]
[560]
[245, 316]
[561]
[245, 317]
[562]
[245, 318]
[563]
[245, 319]
[320, 245]
[565]
[321, 245]
[322, 245]
[567]
[568]
[324, 245]
[569]
[245, 325]
[245, 326]
[571]
[245, 327]
[572]
[245, 328]
[573]
[245, 329]
[574]
[245, 330]
[575]
[245, 331]
[576]
[245, 332]
[577]
[245, 333]
[578]
[245, 334]
[579]
[245, 335]
[580]
[336, 245]
[581]
[582]
[338, 245]
[583]
[339, 245]
[585]
[245, 342]
[245, 343]
[588]
[589]
[245, 345]
[590]
[245, 346]
[591]
[245, 347]
[592]
[245, 348]
[593]
[245, 349]
[594]
[245, 350]
[595]
[245, 351]
[596]
[352, 245]
[597]
[598]
[354, 245]
[355, 245]
[600]
[356, 245]
[601]
[245, 357]
[602]
[245, 358]
[603]
[604]
[245, 360]
[605]
[245, 361]
[606]
[245, 362]
[245, 363]
[608]
[245, 364]
[609]
[610]
[245, 366]
[611]
[245, 367]
[612]
[368, 245]
[613]
[369, 245]
[614]
[0, 615]
[370, 245]
[615]
[1, 615]
[371, 245]
[616]
[2, 615]
[372, 245]
[617]
[3, 615]
[245, 373]
[618]
[4, 615]
[245, 374]
[5, 615]
[245, 375]
[620]
[6, 615]
[245, 376]
[7, 615]
[245, 377]
[622]
[615, 8]
[245, 378]
[623]
[245, 379]
[624]
[615, 10]
[615, 11]
[245, 381]
[626]
[615, 12]
[245, 382]
[627]
[615, 13]
[245, 383]
[628]
[615, 14]
[384, 245]
[629]
[615, 15]
[385, 245]
[630]
[16, 615]
[631]
[17, 615]
[387, 245]
[632]
[18, 615]
[388, 245]
[633]
[19, 615]
[634]
[20, 615]
[245, 390]
[635]
[21, 615]
[245, 391]
[22, 615]
[245, 392]
[637]
[23, 615]
[638]
[615, 24]
[245, 394]
[639]
[615, 25]
[245, 395]
[640]
[615, 26]
[245, 396]
[641]
[615, 27]
[245, 397]
[642]
[615, 28]
[245, 398]
[643]
[615, 29]
[245, 399]
[644]
[400, 245]
[645]
[615, 31]
[401, 245]
[32, 615]
[402, 245]
[647]
[33, 615]
[403, 245]
[648]
[34, 615]
[649]
[35, 615]
[245, 405]
[650]
[36, 615]
[245, 406]
[651]
[37, 615]
[245, 407]
[652]
[38, 615]
[245, 408]
[653]
[39, 615]
[245, 409]
[615, 40]
[655]
[615, 41]
[245, 411]
[656]
[615, 42]
[245, 412]
[657]
[615, 43]
[245, 413]
[658]
[615, 44]
[245, 414]
[659]
[615, 45]
[245, 415]
[660]
[615, 46]
[661]
[615, 47]
[417, 245]
[662]
[48, 615]
[418, 245]
[663]
[49, 615]
[419, 245]
[665]
[51, 615]
[245, 421]
[666]
[52, 615]
[245, 422]
[53, 615]
[245, 423]
[54, 615]
[245, 424]
[55, 615]
[670]
[615, 56]
[245, 426]
[671]
[615, 57]
[245, 427]
[672]
[615, 58]
[245, 428]
[673]
[615, 59]
[245, 429]
[674]
[245, 430]
[675]
[245, 431]
[676]
[615, 62]
[432, 245]
[677]
[678]
[64, 615]
[679]
[435, 245]
[680]
[66, 615]
[436, 245]
[681]
[67, 615]
[245, 437]
[682]
[68, 615]
[245, 438]
[683]
[69, 615]
[245, 439]
[684]
[70, 615]
[245, 440]
[685]
[71, 615]
[245, 441]
[686]
[615, 72]
[245, 442]
[687]
[615, 73]
[245, 443]
[688]
[615, 74]
[245, 444]
[689]
[615, 75]
[690]
[691]
[245, 447]
[692]
[615, 78]
[448, 245]
[693]
[449, 245]
[694]
[80, 615]
[450, 245]
[695]
[81, 615]
[451, 245]
[696]
[82, 615]
[452, 245]
[697]
[83, 615]
[245, 453]
[698]
[245, 454]
[699]
[85, 615]
[245, 455]
[86, 615]
[245, 456]
[701]
[702]
[615, 88]
[245, 458]
[703]
[615, 89]
[245, 459]
[704]
[615, 90]
[245, 460]
[705]
[615, 91]
[245, 461]
[706]
[245, 462]
[707]
[615, 93]
[708]
[615, 94]
[464, 245]
[709]
[615, 95]
[465, 245]
[710]
[96, 615]
[466, 245]
[711]
[97, 615]
[467, 245]
[712]
[98, 615]
[468, 245]
[713]
[245, 469]
[714]
[100, 615]
[245, 470]
[715]
[101, 615]
[245, 471]
[716]
[102, 615]
[245, 472]
[103, 615]
[245, 473]
[718]
[615, 104]
[245, 474]
[719]
[615, 105]
[245, 475]
[720]
[245, 476]
[721]
[245, 477]
[722]
[615, 108]
[245, 478]
[723]
[245, 479]
[724]
[615, 110]
[480, 245]
[725]
[615, 111]
[481, 245]
[726]
[112, 615]
[482, 245]
[113, 615]
[483, 245]
[114, 615]
[484, 245]
[729]
[115, 615]
[245, 485]
[730]
[116, 615]
[245, 486]
[731]
[117, 615]
[245, 487]
[732]
[118, 615]
[733]
[245, 489]
[734]
[615, 120]
[245, 490]
[735]
[615, 121]
[245, 491]
[736]
[615, 122]
[245, 492]
[615, 123]
[245, 493]
[738]
[615, 124]
[245, 494]
[739]
[615, 125]
[245, 495]
[740]
[615, 126]
[496, 245]
[741]
[615, 127]
[742]
[128, 615]
[498, 245]
[743]
[129, 615]
[499, 245]
[744]
[130, 615]
[500, 245]
[745]
[131, 615]
[245, 501]
[746]
[132, 615]
[245, 503]
[245, 504]
[749]
[135, 615]
[245, 505]
[750]
[615, 136]
[751]
[615, 137]
[245, 507]
[752]
[615, 138]
[245, 508]
[753]
[615, 139]
[245, 509]
[615, 140]
[245, 510]
[755]
[615, 141]
[245, 511]
[615, 142]
[512, 245]
[757]
[615, 143]
[513, 245]
[758]
[144, 615]
[514, 245]
[759]
[145, 615]
[515, 245]
[760]
[146, 615]
[516, 245]
[147, 615]
[245, 517]
[762]
[245, 518]
[763]
[764]
[150, 615]
[245, 520]
[765]
[151, 615]
[245, 521]
[766]
[615, 152]
[245, 522]
[767]
[615, 153]
[245, 523]
[768]
[615, 154]
[245, 524]
[769]
[615, 155]
[245, 525]
[615, 156]
[245, 526]
[771]
[615, 157]
[245, 527]
[615, 158]
[528, 245]
[773]
[615, 159]
[529, 245]
[774]
[160, 615]
[530, 245]
[775]
[161, 615]
[531, 245]
[776]
[162, 615]
[532, 245]
[777]
[163, 615]
[245, 533]
[778]
[164, 615]
[245, 534]
[779]
[165, 615]
[245, 535]
[780]
[166, 615]
[245, 536]
[781]
[167, 615]
[245, 537]
[782]
[615, 168]
[245, 538]
[783]
[615, 169]
[245, 539]
[784]
[615, 170]
[245, 540]
[785]
[615, 171]
[245, 541]
[615, 172]
[787]
[615, 173]
[788]
[615, 174]
[544, 245]
[789]
[615, 175]
[545, 245]
[790]
[176, 615]
[546, 245]
[177, 615]
[792]
[178, 615]
[548, 245]
[793]
[179, 615]
[794]
[180, 615]
[245, 550]
[795]
[181, 615]
[245, 551]
[182, 615]
[245, 552]
[797]
[183, 615]
[245, 553]
[798]
[245, 554]
[799]
[615, 185]
[800]
[615, 186]
[245, 556]
[801]
[615, 187]
[245, 557]
[802]
[615, 188]
[245, 558]
[803]
[615, 189]
[804]
[615, 190]
[560, 245]
[805]
[615, 191]
[561, 245]
[806]
[192, 615]
[562, 245]
[807]
[193, 615]
[563, 245]
[194, 615]
[809]
[245, 565]
[810]
[196, 615]
[811]
[197, 615]
[245, 567]
[812]
[198, 615]
[245, 568]
[813]
[199, 615]
[245, 569]
[814]
[815]
[615, 201]
[245, 571]
[615, 202]
[245, 572]
[817]
[615, 203]
[245, 573]
[818]
[615, 204]
[245, 574]
[819]
[615, 205]
[245, 575]
[820]
[615, 206]
[576, 245]
[821]
[615, 207]
[577, 245]
[822]
[208, 615]
[578, 245]
[823]
[209, 615]
[579, 245]
[824]
[210, 615]
[580, 245]
[825]
[245, 581]
[826]
[212, 615]
[245, 582]
[827]
[213, 615]
[245, 583]
[828]
[214, 615]
[829]
[215, 615]
[245, 585]
[830]
[615, 216]
[831]
[615, 217]
[832]
[615, 218]
[245, 588]
[833]
[245, 589]
[834]
[615, 220]
[245, 590]
[835]
[245, 591]
[615, 222]
[592, 245]
[837]
[593, 245]
[838]
[224, 615]
[594, 245]
[839]
[225, 615]
[595, 245]
[840]
[226, 615]
[596, 245]
[841]
[227, 615]
[245, 597]
[842]
[228, 615]
[245, 598]
[843]
[229, 615]
[844]
[230, 615]
[245, 600]
[845]
[231, 615]
[245, 601]
[846]
[245, 602]
[847]
[245, 603]
[615, 234]
[245, 604]
[849]
[245, 605]
[850]
[615, 236]
[245, 606]
[851]
[615, 237]
[852]
[608, 245]
[853]
[615, 239]
[609, 245]
[854]
[240, 615]
[610, 245]
[855]
[241, 615]
[611, 245]
[856]
[242, 615]
[612, 245]
[857]
[245, 613]
[858]
[244, 615]
[245, 614]
[859]
[0, 245, 615]
[245, 615]
[860]
[1, 245, 615]
[245, 616]
[246, 615]
[2, 245, 615]
[245, 617]
[247, 615]
[862]
[3, 245, 615]
[245, 618]
[615, 248]
[4, 245, 615]
[615, 249]
[864]
[5, 245, 615]
[245, 620]
[865]
[245, 6, 615]
[866]
[245, 7, 615]
[245, 622]
[615, 252]
[867]
[245, 615, 8]
[245, 623]
[868]
[624, 245]
[615, 254]
[869]
[245, 615, 10]
[615, 255]
[870]
[245, 615, 11]
[626, 245]
[256, 615]
[871]
[245, 615, 12]
[627, 245]
[257, 615]
[872]
[245, 615, 13]
[628, 245]
[258, 615]
[245, 615, 14]
[245, 629]
[259, 615]
[874]
[245, 615, 15]
[245, 630]
[16, 245, 615]
[245, 631]
[261, 615]
[876]
[17, 245, 615]
[245, 632]
[262, 615]
[877]
[18, 245, 615]
[245, 633]
[263, 615]
[878]
[19, 245, 615]
[245, 634]
[615, 264]
[879]
[20, 245, 615]
[245, 635]
[615, 265]
[880]
[21, 245, 615]
[615, 266]
[881]
[245, 22, 615]
[245, 637]
[615, 267]
[882]
[245, 23, 615]
[245, 638]
[615, 268]
[883]
[245, 615, 24]
[245, 639]
[615, 269]
[884]
[245, 615, 25]
[640, 245]
[615, 270]
[885]
[245, 615, 26]
[641, 245]
[886]
[245, 615, 27]
[642, 245]
[272, 615]
[887]
[245, 615, 28]
[643, 245]
[273, 615]
[888]
[245, 615, 29]
[644, 245]
[274, 615]
[889]
[245, 645]
[275, 615]
[890]
[245, 615, 31]
[276, 615]
[891]
[32, 245, 615]
[245, 647]
[277, 615]
[892]
[33, 245, 615]
[245, 648]
[278, 615]
[893]
[34, 245, 615]
[245, 649]
[279, 615]
[894]
[35, 245, 615]
[245, 650]
[615, 280]
[895]
[36, 245, 615]
[245, 651]
[615, 281]
[896]
[37, 245, 615]
[245, 652]
[897]
[245, 38, 615]
[245, 653]
[615, 283]
[898]
[245, 39, 615]
[899]
[245, 615, 40]
[245, 655]
[615, 285]
[900]
[245, 615, 41]
[656, 245]
[615, 286]
[901]
[245, 615, 42]
[657, 245]
[615, 287]
[902]
[245, 615, 43]
[658, 245]
[903]
[245, 615, 44]
[659, 245]
[289, 615]
[904]
[245, 615, 45]
[660, 245]
[290, 615]
[905]
[245, 615, 46]
[245, 661]
[906]
[245, 615, 47]
[245, 662]
[292, 615]
[48, 245, 615]
[245, 663]
[293, 615]
[49, 245, 615]
[294, 615]
[909]
[245, 665]
[295, 615]
[910]
[51, 245, 615]
[245, 666]
[615, 296]
[911]
[52, 245, 615]
[615, 297]
[912]
[53, 245, 615]
[615, 298]
[913]
[245, 54, 615]
[615, 299]
[914]
[245, 55, 615]
[245, 670]
[615, 300]
[915]
[245, 615, 56]
[245, 671]
[615, 301]
[916]
[245, 615, 57]
[672, 245]
[917]
[245, 615, 58]
[673, 245]
[615, 303]
[918]
[245, 615, 59]
[674, 245]
[304, 615]
[919]
[675, 245]
[305, 615]
[920]
[676, 245]
[306, 615]
[921]
[245, 615, 62]
[245, 677]
[307, 615]
[922]
[245, 678]
[308, 615]
[923]
[64, 245, 615]
[245, 679]
[309, 615]
[245, 680]
[310, 615]
[925]
[66, 245, 615]
[245, 681]
[311, 615]
[926]
[67, 245, 615]
[245, 682]
[927]
[68, 245, 615]
[245, 683]
[615, 313]
[928]
[69, 245, 615]
[245, 684]
[615, 314]
[245, 70, 615]
[245, 685]
[615, 315]
[930]
[245, 71, 615]
[245, 686]
[615, 316]
[931]
[245, 615, 72]
[245, 687]
[615, 317]
[932]
[245, 615, 73]
[688, 245]
[615, 318]
[933]
[245, 615, 74]
[689, 245]
[615, 319]
[934]
[245, 615, 75]
[690, 245]
[320, 615]
[935]
[691, 245]
[321, 615]
[936]
[692, 245]
[322, 615]
[937]
[245, 615, 78]
[245, 693]
[938]
[245, 694]
[324, 615]
[939]
[80, 245, 615]
[245, 695]
[325, 615]
[940]
[81, 245, 615]
[245, 696]
[326, 615]
[941]
[82, 245, 615]
[245, 697]
[327, 615]
[942]
[83, 245, 615]
[245, 698]
[615, 328]
[943]
[245, 699]
[615, 329]
[944]
[85, 245, 615]
[615, 330]
[945]
[245, 86, 615]
[245, 701]
[615, 331]
[946]
[245, 702]
[615, 332]
[947]
[245, 615, 88]
[245, 703]
[615, 333]
[948]
[245, 615, 89]
[704, 245]
[615, 334]
[949]
[245, 615, 90]
[705, 245]
[615, 335]
[950]
[245, 615, 91]
[706, 245]
[336, 615]
[951]
[707, 245]
[952]
[245, 615, 93]
[708, 245]
[338, 615]
[953]
[245, 615, 94]
[245, 709]
[339, 615]
[954]
[245, 615, 95]
[245, 710]
[96, 245, 615]
[245, 711]
[956]
[97, 245, 615]
[245, 712]
[342, 615]
[98, 245, 615]
[245, 713]
[343, 615]
[958]
[245, 714]
[959]
[100, 245, 615]
[245, 715]
[615, 345]
[960]
[101, 245, 615]
[245, 716]
[615, 346]
[961]
[245, 102, 615]
[615, 347]
[245, 103, 615]
[245, 718]
[615, 348]
[963]
[245, 615, 104]
[245, 719]
[615, 349]
[964]
[245, 615, 105]
[720, 245]
[615, 350]
[965]
[721, 245]
[615, 351]
[966]
[722, 245]
[352, 615]
[967]
[245, 615, 108]
[723, 245]
[724, 245]
[354, 615]
[969]
[245, 615, 110]
[245, 725]
[355, 615]
[970]
[245, 615, 111]
[245, 726]
[356, 615]
[112, 245, 615]
[357, 615]
[972]
[113, 245, 615]
[358, 615]
[973]
[114, 245, 615]
[245, 729]
[115, 245, 615]
[245, 730]
[615, 360]
[975]
[116, 245, 615]
[245, 731]
[615, 361]
[117, 245, 615]
[245, 732]
[615, 362]
[977]
[245, 118, 615]
[245, 733]
[615, 363]
[978]
[245, 734]
[615, 364]
[979]
[245, 615, 120]
[245, 735]
[980]
[245, 615, 121]
[736, 245]
[615, 366]
[981]
[245, 615, 122]
[615, 367]
[982]
[245, 615, 123]
[738, 245]
[368, 615]
[983]
[245, 615, 124]
[739, 245]
[369, 615]
[984]
[245, 615, 125]
[740, 245]
[370, 615]
[985]
[245, 615, 126]
[245, 741]
[371, 615]
[986]
[245, 615, 127]
[245, 742]
[372, 615]
[128, 245, 615]
[245, 743]
[373, 615]
[988]
[129, 245, 615]
[245, 744]
[374, 615]
[989]
[130, 245, 615]
[245, 745]
[375, 615]
[990]
[131, 245, 615]
[245, 746]
[615, 376]
[991]
[132, 245, 615]
[615, 377]
[992]
[615, 378]
[245, 749]
[615, 379]
[994]
[245, 135, 615]
[245, 750]
[995]
[245, 615, 136]
[245, 751]
[615, 381]
[245, 615, 137]
[752, 245]
[615, 382]
[997]
[245, 615, 138]
[753, 245]
[615, 383]
[998]
[245, 615, 139]
[384, 615]
[999]
[245, 615, 140]
[755, 245]
[385, 615]
[245, 615, 141]
[245, 615, 142]
[245, 757]
[387, 615]
[245, 615, 143]
[245, 758]
[388, 615]
[144, 245, 615]
[245, 759]
[145, 245, 615]
[245, 760]
[390, 615]
[146, 245, 615]
[391, 615]
[147, 245, 615]
[245, 762]
[615, 392]
[245, 763]
[245, 764]
[615, 394]
[245, 150, 615]
[245, 765]
[615, 395]
[245, 151, 615]
[245, 766]
[615, 396]
[245, 615, 152]
[245, 767]
[615, 397]
[245, 615, 153]
[615, 398]
[245, 615, 154]
[769, 245]
[615, 399]
[245, 615, 155]
[400, 615]
[245, 615, 156]
[771, 245]
[401, 615]
[245, 615, 157]
[402, 615]
[245, 615, 158]
[245, 773]
[403, 615]
[245, 615, 159]
[245, 774]
[160, 245, 615]
[245, 775]
[405, 615]
[161, 245, 615]
[245, 776]
[406, 615]
[162, 245, 615]
[245, 777]
[407, 615]
[163, 245, 615]
[245, 778]
[615, 408]
[164, 245, 615]
[245, 779]
[615, 409]
[165, 245, 615]
[245, 780]
[245, 166, 615]
[245, 781]
[615, 411]
[245, 167, 615]
[245, 782]
[615, 412]
[245, 615, 168]
[245, 783]
[615, 413]
[245, 615, 169]
[784, 245]
[615, 414]
[245, 615, 170]
[785, 245]
[615, 415]
[245, 615, 171]
[245, 615, 172]
[787, 245]
[417, 615]
[245, 615, 173]
[788, 245]
[418, 615]
[245, 615, 174]
[245, 789]
[419, 615]
[245, 615, 175]
[245, 790]
[176, 245, 615]
[421, 615]
[177, 245, 615]
[245, 792]
[422, 615]
[178, 245, 615]
[245, 793]
[423, 615]
[179, 245, 615]
[245, 794]
[615, 424]
[180, 245, 615]
[245, 795]
[181, 245, 615]
[615, 426]
[245, 182, 615]
[245, 797]
[615, 427]
[245, 183, 615]
[245, 798]
[615, 428]
[245, 799]
[615, 429]
[245, 615, 185]
[800, 245]
[615, 430]
[245, 615, 186]
[801, 245]
[615, 431]
[245, 615, 187]
[802, 245]
[432, 615]
[245, 615, 188]
[803, 245]
[245, 615, 189]
[804, 245]
[245, 615, 190]
[245, 805]
[435, 615]
[245, 615, 191]
[245, 806]
[436, 615]
[192, 245, 615]
[245, 807]
[437, 615]
[193, 245, 615]
[438, 615]
[194, 245, 615]
[245, 809]
[439, 615]
[245, 810]
[615, 440]
[196, 245, 615]
[245, 811]
[615, 441]
[197, 245, 615]
[245, 812]
[615, 442]
[245, 198, 615]
[245, 813]
[615, 443]
[245, 199, 615]
[245, 814]
[615, 444]
[245, 815]
[245, 615, 201]
[245, 615, 202]
[817, 245]
[615, 447]
[245, 615, 203]
[818, 245]
[448, 615]
[245, 615, 204]
[819, 245]
[449, 615]
[245, 615, 205]
[820, 245]
[450, 615]
[245, 615, 206]
[245, 821]
[451, 615]
[245, 615, 207]
[245, 822]
[452, 615]
[208, 245, 615]
[245, 823]
[453, 615]
[209, 245, 615]
[245, 824]
[454, 615]
[210, 245, 615]
[245, 825]
[455, 615]
[245, 826]
[615, 456]
[212, 245, 615]
[245, 827]
[213, 245, 615]
[245, 828]
[615, 458]
[245, 214, 615]
[245, 829]
[615, 459]
[245, 215, 615]
[245, 830]
[615, 460]
[245, 615, 216]
[245, 831]
[615, 461]
[245, 615, 217]
[832, 245]
[615, 462]
[245, 615, 218]
[833, 245]
[834, 245]
[464, 615]
[245, 615, 220]
[835, 245]
[465, 615]
[466, 615]
[245, 615, 222]
[245, 837]
[467, 615]
[245, 838]
[468, 615]
[224, 245, 615]
[245, 839]
[469, 615]
[225, 245, 615]
[245, 840]
[470, 615]
[226, 245, 615]
[245, 841]
[471, 615]
[227, 245, 615]
[245, 842]
[615, 472]
[228, 245, 615]
[245, 843]
[615, 473]
[229, 245, 615]
[245, 844]
[615, 474]
[245, 230, 615]
[245, 845]
[615, 475]
[245, 231, 615]
[245, 846]
[615, 476]
[245, 847]
[615, 477]
[615, 478]
[245, 615, 234]
[849, 245]
[615, 479]
[850, 245]
[480, 615]
[245, 615, 236]
[851, 245]
[481, 615]
[245, 615, 237]
[852, 245]
[482, 615]
[245, 853]
[483, 615]
[245, 615, 239]
[245, 854]
[484, 615]
[240, 245, 615]
[245, 855]
[485, 615]
[241, 245, 615]
[245, 856]
[486, 615]
[242, 245, 615]
[245, 857]
[487, 615]
[245, 858]
[244, 245, 615]
[245, 859]
[615, 489]
[245, 860]
[615, 490]
[245, 246, 615]
[615, 491]
[245, 247, 615]
[245, 862]
[615, 492]
[245, 615, 248]
[615, 493]
[245, 615, 249]
[864, 245]
[615, 494]
[865, 245]
[615, 495]
[866, 245]
[496, 615]
[245, 615, 252]
[867, 245]
[868, 245]
[498, 615]
[245, 615, 254]
[245, 869]
[499, 615]
[245, 615, 255]
[245, 870]
[500, 615]
[256, 245, 615]
[245, 871]
[501, 615]
[257, 245, 615]
[245, 872]
[258, 245, 615]
[503, 615]
[259, 245, 615]
[245, 874]
[615, 504]
[615, 505]
[245, 261, 615]
[245, 876]
[245, 262, 615]
[245, 877]
[615, 507]
[245, 263, 615]
[245, 878]
[615, 508]
[245, 615, 264]
[245, 879]
[615, 509]
[245, 615, 265]
[880, 245]
[615, 510]
[245, 615, 266]
[881, 245]
[615, 511]
[245, 615, 267]
[882, 245]
[512, 615]
[245, 615, 268]
[883, 245]
[513, 615]
[245, 615, 269]
[884, 245]
[514, 615]
[245, 615, 270]
[245, 885]
[515, 615]
[245, 886]
[516, 615]
[272, 245, 615]
[245, 887]
[517, 615]
[273, 245, 615]
[245, 888]
[518, 615]
[274, 245, 615]
[245, 889]
[275, 245, 615]
[245, 890]
[615, 520]
[276, 245, 615]
[245, 891]
[615, 521]
[245, 277, 615]
[245, 892]
[615, 522]
[245, 278, 615]
[245, 893]
[615, 523]
[245, 279, 615]
[245, 894]
[615, 524]
[245, 615, 280]
[245, 895]
[615, 525]
[245, 615, 281]
[896, 245]
[615, 526]
[245, 615, 282]
[897, 245]
[615, 527]
[245, 615, 283]
[898, 245]
[528, 615]
[899, 245]
[529, 615]
[245, 615, 285]
[900, 245]
[530, 615]
[245, 615, 286]
[245, 901]
[531, 615]
[245, 615, 287]
[245, 902]
[532, 615]
[245, 903]
[533, 615]
[289, 245, 615]
[245, 904]
[534, 615]
[290, 245, 615]
[245, 905]
[535, 615]
[245, 906]
[615, 536]
[292, 245, 615]
[615, 537]
[245, 293, 615]
[615, 538]
[245, 294, 615]
[245, 909]
[615, 539]
[245, 615, 282, 13]
[245, 295, 615]
[245, 910]
[615, 540]
[245, 615, 296]
[245, 911]
[615, 541]
[245, 615, 297]
[912, 245]
[245, 615, 298]
[913, 245]
[245, 615, 299]
[914, 245]
[544, 615]
[245, 615, 300]
[915, 245]
[545, 615]
[245, 615, 301]
[916, 245]
[546, 615]
[20, 245, 615, 282]
[245, 917]
[245, 615, 303]
[245, 918]
[548, 615]
[304, 245, 615]
[245, 919]
[305, 245, 615]
[245, 920]
[550, 615]
[306, 245, 615]
[245, 921]
[551, 615]
[307, 245, 615]
[245, 922]
[615, 552]
[308, 245, 615]
[245, 923]
[615, 553]
[245, 309, 615]
[615, 554]
[245, 310, 615]
[245, 925]
[245, 311, 615]
[245, 926]
[615, 556]
[245, 927]
[615, 557]
[245, 615, 313]
[928, 245]
[615, 558]
[245, 615, 314]
[245, 615, 315]
[930, 245]
[560, 615]
[34, 245, 615, 282]
[245, 615, 316]
[931, 245]
[561, 615]
[245, 615, 317]
[932, 245]
[562, 615]
[245, 615, 318]
[245, 933]
[563, 615]
[245, 615, 319]
[245, 934]
[320, 245, 615]
[245, 935]
[565, 615]
[321, 245, 615]
[245, 936]
[322, 245, 615]
[245, 937]
[567, 615]
[245, 938]
[615, 568]
[324, 245, 615]
[245, 939]
[615, 569]
[245, 325, 615]
[245, 940]
[245, 326, 615]
[245, 941]
[615, 571]
[245, 327, 615]
[245, 942]
[615, 572]
[245, 615, 328]
[245, 943]
[615, 573]
[245, 615, 329]
[944, 245]
[615, 574]
[245, 615, 330]
[945, 245]
[615, 575]
[245, 615, 331]
[946, 245]
[576, 615]
[245, 615, 332]
[947, 245]
[577, 615]
[245, 615, 333]
[948, 245]
[578, 615]
[245, 615, 334]
[245, 949]
[579, 615]
[245, 615, 335]
[245, 950]
[580, 615]
[336, 245, 615]
[245, 951]
[581, 615]
[245, 952]
[582, 615]
[338, 245, 615]
[245, 953]
[583, 615]
[339, 245, 615]
[245, 954]
[615, 585]
[245, 956]
[245, 342, 615]
[245, 343, 615]
[245, 958]
[615, 588]
[245, 959]
[615, 589]
[245, 615, 345]
[960, 245]
[615, 590]
[245, 615, 346]
[961, 245]
[615, 591]
[245, 615, 347]
[592, 615]
[245, 615, 348]
[963, 245]
[593, 615]
[245, 615, 349]
[964, 245]
[594, 615]
[245, 615, 350]
[245, 965]
[595, 615]
[245, 615, 351]
[245, 966]
[596, 615]
[352, 245, 615]
[245, 967]
[597, 615]
[598, 615]
[354, 245, 615]
[245, 969]
[355, 245, 615]
[245, 970]
[615, 600]
[356, 245, 615]
[615, 601]
[245, 357, 615]
[245, 972]
[615, 602]
[245, 358, 615]
[245, 973]
[615, 603]
[615, 604]
[245, 615, 360]
[245, 975]
[615, 605]
[245, 615, 361]
[615, 606]
[245, 615, 362]
[977, 245]
[245, 615, 363]
[978, 245]
[608, 615]
[245, 615, 364]
[979, 245]
[609, 615]
[980, 245]
[610, 615]
[245, 615, 366]
[245, 981]
[611, 615]
[245, 615, 367]
[245, 982]
[612, 615]
[368, 245, 615]
[245, 983]
[613, 615]
[369, 245, 615]
[245, 984]
[614, 615]
[370, 245, 615]
[245, 985]
[371, 245, 615]
[245, 986]
[615, 616]
[372, 245, 615]
[615, 617]
[245, 373, 615]
[245, 988]
[615, 618]
[245, 374, 615]
[245, 989]
[245, 375, 615]
[245, 990]
[615, 620]
[245, 615, 376]
[245, 991]
[245, 615, 377]
[992, 245]
[615, 622]
[245, 615, 378]
[615, 623]
[245, 615, 379]
[994, 245]
[624, 615]
[995, 245]
[245, 615, 381]
[626, 615]
[245, 615, 382]
[245, 997]
[627, 615]
[245, 615, 383]
[245, 998]
[628, 615]
[384, 245, 615]
[245, 999]
[629, 615]
[385, 245, 615]
[630, 615]
[615, 631]
[387, 245, 615]
[615, 632]
[388, 245, 615]
[615, 633]
[615, 634]
[245, 390, 615]
[615, 635]
[245, 391, 615]
[245, 615, 392]
[615, 637]
[615, 638]
[245, 615, 394]
[615, 639]
[245, 615, 395]
[640, 615]
[245, 615, 396]
[641, 615]
[245, 615, 397]
[642, 615]
[245, 615, 398]
[643, 615]
[245, 615, 399]
[644, 615]
[400, 245, 615]
[645, 615]
[401, 245, 615]
[402, 245, 615]
[615, 647]
[245, 615, 121, 282]
[403, 245, 615]
[615, 648]
[615, 649]
[245, 615, 282, 123]
[245, 405, 615]
[615, 650]
[245, 406, 615]
[615, 651]
[245, 407, 615]
[615, 652]
[245, 615, 408]
[615, 653]
[245, 615, 409]
[615, 655]
[245, 615, 411]
[656, 615]
[245, 615, 412]
[657, 615]
[245, 615, 413]
[658, 615]
[245, 615, 414]
[659, 615]
[245, 615, 415]
[660, 615]
[661, 615]
[417, 245, 615]
[662, 615]
[418, 245, 615]
[615, 663]
[245, 615, 137, 282]
[419, 245, 615]
[615, 665]
[245, 421, 615]
[615, 666]
[245, 422, 615]
[245, 423, 615]
[245, 615, 424]
[615, 670]
[245, 615, 426]
[615, 671]
[245, 615, 427]
[672, 615]
[245, 615, 428]
[673, 615]
[245, 615, 429]
[674, 615]
[245, 615, 430]
[675, 615]
[245, 615, 431]
[676, 615]
[432, 245, 615]
[677, 615]
[678, 615]
[615, 679]
[435, 245, 615]
[615, 680]
[436, 245, 615]
[615, 681]
[245, 437, 615]
[615, 682]
[245, 438, 615]
[615, 683]
[245, 439, 615]
[615, 684]
[245, 615, 440]
[615, 685]
[245, 615, 441]
[615, 686]
[245, 615, 442]
[615, 687]
[245, 615, 443]
[688, 615]
[245, 615, 444]
[689, 615]
[690, 615]
[691, 615]
[245, 615, 447]
[692, 615]
[448, 245, 615]
[693, 615]
[449, 245, 615]
[694, 615]
[450, 245, 615]
[615, 695]
[245, 615, 169, 282]
[451, 245, 615]
[615, 696]
[452, 245, 615]
[615, 697]
[245, 453, 615]
[615, 698]
[245, 454, 615]
[615, 699]
[245, 455, 615]
[245, 615, 456]
[615, 701]
[615, 702]
[245, 615, 458]
[615, 703]
[245, 615, 459]
[704, 615]
[245, 615, 460]
[705, 615]
[245, 615, 461]
[706, 615]
[245, 615, 462]
[707, 615]
[708, 615]
[464, 245, 615]
[709, 615]
[465, 245, 615]
[710, 615]
[466, 245, 615]
[615, 711]
[467, 245, 615]
[615, 712]
[468, 245, 615]
[615, 713]
[245, 469, 615]
[615, 714]
[245, 470, 615]
[615, 715]
[245, 615, 282, 189]
[245, 471, 615]
[615, 716]
[245, 615, 472]
[245, 615, 473]
[615, 718]
[245, 615, 474]
[615, 719]
[245, 615, 475]
[720, 615]
[245, 615, 476]
[721, 615]
[245, 615, 477]
[722, 615]
[245, 615, 478]
[723, 615]
[245, 615, 479]
[724, 615]
[480, 245, 615]
[725, 615]
[245, 615, 360, 121]
[481, 245, 615]
[726, 615]
[482, 245, 615]
[483, 245, 615]
[484, 245, 615]
[615, 729]
[245, 485, 615]
[615, 730]
[245, 486, 615]
[615, 731]
[245, 487, 615]
[615, 732]
[615, 733]
[245, 615, 489]
[615, 734]
[245, 615, 490]
[615, 735]
[245, 615, 491]
[736, 615]
[245, 615, 492]
[245, 615, 493]
[738, 615]
[245, 615, 494]
[739, 615]
[245, 615, 495]
[740, 615]
[496, 245, 615]
[741, 615]
[742, 615]
[498, 245, 615]
[615, 743]
[499, 245, 615]
[615, 744]
[500, 245, 615]
[615, 745]
[245, 501, 615]
[615, 746]
[0, 245, 502, 615]
[245, 502, 615]
[1, 245, 502, 615]
[245, 503, 615]
[2, 245, 502, 615]
[245, 615, 504]
[615, 749]
[3, 245, 502, 615]
[245, 615, 505]
[615, 750]
[4, 245, 502, 615]
[615, 751]
[5, 245, 502, 615]
[245, 615, 507]
[752, 615]
[245, 6, 502, 615]
[245, 615, 508]
[753, 615]
[245, 502, 7, 615]
[245, 615, 509]
[245, 502, 615, 8]
[245, 615, 510]
[755, 615]
[245, 615, 511]
[245, 502, 615, 10]
[512, 245, 615]
[757, 615]
[245, 502, 615, 11]
[513, 245, 615]
[758, 615]
[245, 502, 615, 12]
[514, 245, 615]
[615, 759]
[245, 502, 615, 13]
[515, 245, 615]
[615, 760]
[245, 502, 615, 14]
[516, 245, 615]
[245, 502, 615, 15]
[245, 517, 615]
[615, 762]
[16, 245, 502, 615]
[245, 518, 615]
[615, 763]
[17, 245, 502, 615]
[615, 764]
[18, 245, 502, 615]
[245, 615, 520]
[615, 765]
[19, 245, 502, 615]
[245, 615, 521]
[615, 766]
[20, 245, 502, 615]
[245, 615, 522]
[615, 767]
[21, 245, 502, 615]
[245, 615, 523]
[245, 22, 502, 615]
[245, 615, 524]
[769, 615]
[245, 502, 23, 615]
[245, 615, 525]
[245, 502, 615, 24]
[245, 615, 526]
[771, 615]
[245, 502, 615, 25]
[245, 615, 527]
[245, 502, 615, 26]
[528, 245, 615]
[773, 615]
[245, 502, 615, 27]
[529, 245, 615]
[774, 615]
[245, 502, 615, 28]
[530, 245, 615]
[615, 775]
[245, 502, 615, 29]
[531, 245, 615]
[615, 776]
[532, 245, 615]
[615, 777]
[245, 502, 615, 31]
[245, 533, 615]
[615, 778]
[32, 245, 502, 615]
[245, 534, 615]
[615, 779]
[33, 245, 502, 615]
[245, 535, 615]
[615, 780]
[34, 245, 502, 615]
[245, 615, 536]
[615, 781]
[35, 245, 502, 615]
[245, 615, 537]
[615, 782]
[36, 245, 502, 615]
[245, 615, 538]
[615, 783]
[37, 245, 502, 615]
[245, 615, 539]
[784, 615]
[245, 38, 502, 615]
[245, 615, 540]
[785, 615]
[245, 502, 39, 615]
[245, 615, 541]
[245, 502, 615, 40]
[787, 615]
[245, 502, 615, 41]
[788, 615]
[245, 502, 615, 42]
[544, 245, 615]
[789, 615]
[245, 502, 615, 43]
[545, 245, 615]
[790, 615]
[245, 502, 615, 44]
[546, 245, 615]
[245, 502, 615, 45]
[615, 792]
[245, 502, 615, 46]
[548, 245, 615]
[615, 793]
[245, 502, 615, 47]
[615, 794]
[48, 245, 502, 615]
[245, 550, 615]
[615, 795]
[49, 245, 502, 615]
[245, 551, 615]
[245, 615, 552]
[615, 797]
[51, 245, 502, 615]
[245, 615, 553]
[615, 798]
[52, 245, 502, 615]
[245, 615, 554]
[615, 799]
[53, 245, 502, 615]
[800, 615]
[245, 54, 502, 615]
[245, 615, 556]
[801, 615]
[245, 502, 55, 615]
[245, 615, 557]
[802, 615]
[245, 502, 615, 56]
[245, 615, 558]
[803, 615]
[245, 502, 615, 57]
[804, 615]
[245, 502, 615, 58]
[560, 245, 615]
[805, 615]
[245, 502, 615, 59]
[561, 245, 615]
[806, 615]
[562, 245, 615]
[615, 807]
[563, 245, 615]
[0, 564, 245, 615]
[245, 502, 615, 62]
[564, 245, 615]
[615, 809]
[1, 564, 245, 615]
[245, 565, 615]
[615, 810]
[2, 564, 245, 615]
[64, 245, 502, 615]
[615, 811]
[3, 564, 245, 615]
[245, 567, 615]
[615, 812]
[4, 564, 245, 615]
[66, 245, 502, 615]
[245, 615, 568]
[615, 813]
[564, 5, 245, 615]
[67, 245, 502, 615]
[245, 615, 569]
[615, 814]
[564, 245, 6, 615]
[68, 245, 502, 615]
[615, 815]
[564, 245, 7, 615]
[69, 245, 502, 615]
[245, 615, 571]
[564, 245, 615, 8]
[245, 70, 502, 615]
[245, 615, 572]
[817, 615]
[245, 502, 71, 615]
[245, 615, 573]
[818, 615]
[564, 245, 615, 10]
[245, 502, 615, 72]
[245, 615, 574]
[819, 615]
[564, 245, 615, 11]
[245, 502, 615, 73]
[245, 615, 575]
[820, 615]
[564, 245, 615, 12]
[245, 502, 615, 74]
[576, 245, 615]
[821, 615]
[564, 245, 615, 13]
[245, 502, 615, 75]
[577, 245, 615]
[822, 615]
[564, 245, 615, 14]
[578, 245, 615]
[615, 823]
[564, 245, 615, 15]
[245, 615, 297, 282]
[579, 245, 615]
[615, 824]
[16, 564, 245, 615]
[245, 502, 615, 78]
[580, 245, 615]
[615, 825]
[17, 564, 245, 615]
[245, 581, 615]
[615, 826]
[18, 564, 245, 615]
[80, 245, 502, 615]
[245, 582, 615]
[615, 827]
[19, 564, 245, 615]
[81, 245, 502, 615]
[245, 583, 615]
[615, 828]
[20, 564, 245, 615]
[82, 245, 502, 615]
[615, 829]
[564, 21, 245, 615]
[83, 245, 502, 615]
[245, 615, 585]
[615, 830]
[564, 245, 22, 615]
[615, 831]
[564, 245, 23, 615]
[85, 245, 502, 615]
[832, 615]
[564, 245, 615, 24]
[245, 86, 502, 615]
[245, 615, 588]
[833, 615]
[564, 245, 615, 25]
[245, 615, 589]
[834, 615]
[564, 245, 615, 26]
[245, 502, 615, 88]
[245, 615, 590]
[835, 615]
[564, 245, 615, 27]
[245, 502, 615, 89]
[245, 615, 591]
[564, 245, 615, 28]
[245, 502, 615, 90]
[592, 245, 615]
[837, 615]
[564, 245, 615, 29]
[245, 502, 615, 91]
[593, 245, 615]
[838, 615]
[594, 245, 615]
[615, 839]
[564, 245, 615, 31]
[245, 502, 615, 93]
[595, 245, 615]
[615, 840]
[32, 564, 245, 615]
[245, 502, 615, 94]
[596, 245, 615]
[615, 841]
[33, 564, 245, 615]
[245, 502, 615, 95]
[245, 597, 615]
[615, 842]
[34, 564, 245, 615]
[96, 245, 502, 615]
[245, 598, 615]
[615, 843]
[35, 564, 245, 615]
[97, 245, 502, 615]
[615, 844]
[36, 564, 245, 615]
[98, 245, 502, 615]
[245, 615, 600]
[615, 845]
[564, 37, 245, 615]
[245, 615, 601]
[615, 846]
[564, 245, 38, 615]
[100, 245, 502, 615]
[245, 615, 602]
[615, 847]
[564, 245, 39, 615]
[101, 245, 502, 615]
[245, 615, 603]
[564, 245, 615, 40]
[245, 102, 502, 615]
[245, 615, 604]
[849, 615]
[564, 245, 615, 41]
[245, 502, 103, 615]
[245, 615, 605]
[850, 615]
[564, 245, 615, 42]
[245, 502, 615, 104]
[245, 615, 606]
[851, 615]
[564, 245, 615, 43]
[245, 502, 615, 105]
[852, 615]
[564, 245, 615, 44]
[608, 245, 615]
[853, 615]
[564, 245, 615, 45]
[609, 245, 615]
[854, 615]
[564, 245, 615, 46]
[245, 502, 615, 108]
[610, 245, 615]
[615, 855]
[564, 245, 615, 47]
[611, 245, 615]
[615, 856]
[48, 564, 245, 615]
[245, 502, 615, 110]
[612, 245, 615]
[615, 857]
[49, 564, 245, 615]
[245, 502, 615, 111]
[245, 613, 615]
[615, 858]
[112, 245, 502, 615]
[245, 614, 615]
[615, 859]
[51, 564, 245, 615]
[113, 245, 502, 615]
[615, 860]
[52, 564, 245, 615]
[114, 245, 502, 615]
[245, 615, 616]
[564, 53, 245, 615]
[115, 245, 502, 615]
[245, 615, 617]
[615, 862]
[564, 245, 54, 615]
[116, 245, 502, 615]
[245, 615, 618]
[0, 245, 615, 619]
[564, 245, 55, 615]
[117, 245, 502, 615]
[245, 615, 619]
[864, 615]
[1, 245, 615, 619]
[564, 245, 615, 56]
[245, 118, 502, 615]
[245, 615, 620]
[865, 615]
[2, 245, 615, 619]
[564, 245, 615, 57]
[866, 615]
[3, 245, 615, 619]
[564, 245, 615, 58]
[245, 502, 615, 120]
[245, 615, 622]
[867, 615]
[4, 245, 615, 619]
[245, 502, 615, 121]
[564, 245, 615, 59]
[245, 615, 623]
[868, 615]
[5, 245, 615, 619]
[245, 502, 615, 122]
[624, 245, 615]
[869, 615]
[245, 6, 615, 619]
[245, 502, 615, 123]
[870, 615]
[245, 7, 615, 619]
[564, 245, 615, 62]
[245, 502, 615, 124]
[626, 245, 615]
[615, 871]
[245, 615, 8, 619]
[245, 502, 615, 125]
[627, 245, 615]
[615, 872]
[64, 564, 245, 615]
[245, 502, 615, 126]
[628, 245, 615]
[245, 615, 10, 619]
[245, 502, 615, 127]
[245, 629, 615]
[615, 874]
[245, 615, 11, 619]
[66, 564, 245, 615]
[128, 245, 502, 615]
[245, 630, 615]
[245, 615, 619, 12]
[67, 564, 245, 615]
[129, 245, 502, 615]
[245, 615, 631]
[615, 876]
[245, 615, 619, 13]
[68, 564, 245, 615]
[130, 245, 502, 615]
[245, 615, 632]
[615, 877]
[245, 615, 619, 14]
[564, 69, 245, 615]
[131, 245, 502, 615]
[245, 615, 633]
[615, 878]
[245, 615, 619, 15]
[564, 245, 70, 615]
[132, 245, 502, 615]
[245, 615, 634]
[615, 879]
[16, 245, 615, 619]
[564, 245, 71, 615]
[245, 615, 635]
[880, 615]
[17, 245, 615, 619]
[564, 245, 615, 72]
[881, 615]
[18, 245, 615, 619]
[564, 245, 615, 73]
[245, 502, 135, 615]
[245, 615, 637]
[882, 615]
[19, 245, 615, 619]
[564, 245, 615, 74]
[245, 502, 615, 136]
[245, 615, 638]
[883, 615]
[20, 245, 615, 619]
[564, 245, 615, 75]
[245, 502, 615, 137]
[245, 615, 639]
[884, 615]
[21, 245, 615, 619]
[245, 502, 615, 138]
[640, 245, 615]
[885, 615]
[245, 22, 615, 619]
[245, 502, 615, 139]
[641, 245, 615]
[886, 615]
[245, 23, 615, 619]
[245, 615, 360, 282]
[564, 245, 615, 78]
[245, 502, 615, 140]
[642, 245, 615]
[615, 887]
[245, 615, 24, 619]
[245, 502, 615, 141]
[643, 245, 615]
[615, 888]
[245, 615, 25, 619]
[80, 564, 245, 615]
[245, 502, 615, 142]
[644, 245, 615]
[615, 889]
[245, 615, 26, 619]
[81, 564, 245, 615]
[245, 502, 615, 143]
[245, 645, 615]
[615, 890]
[245, 615, 27, 619]
[82, 564, 245, 615]
[144, 245, 502, 615]
[615, 891]
[245, 615, 619, 28]
[83, 564, 245, 615]
[145, 245, 502, 615]
[245, 615, 647]
[615, 892]
[245, 615, 619, 29]
[146, 245, 502, 615]
[245, 615, 648]
[615, 893]
[564, 85, 245, 615]
[147, 245, 502, 615]
[245, 615, 649]
[615, 894]
[245, 615, 619, 31]
[564, 245, 86, 615]
[245, 615, 650]
[615, 895]
[32, 245, 615, 619]
[245, 615, 651]
[896, 615]
[33, 245, 615, 619]
[564, 245, 615, 88]
[245, 150, 502, 615]
[245, 615, 652]
[897, 615]
[34, 245, 615, 619]
[564, 245, 615, 89]
[245, 502, 151, 615]
[245, 615, 653]
[898, 615]
[35, 245, 615, 619]
[564, 245, 615, 90]
[245, 502, 615, 152]
[899, 615]
[36, 245, 615, 619]
[564, 245, 615, 91]
[245, 502, 615, 153]
[245, 615, 655]
[900, 615]
[37, 245, 615, 619]
[245, 502, 615, 154]
[656, 245, 615]
[901, 615]
[245, 38, 615, 619]
[564, 245, 615, 93]
[245, 502, 615, 155]
[657, 245, 615]
[902, 615]
[245, 39, 615, 619]
[564, 245, 615, 94]
[245, 502, 615, 156]
[658, 245, 615]
[615, 903]
[245, 615, 40, 619]
[564, 245, 615, 95]
[245, 502, 615, 157]
[659, 245, 615]
[615, 904]
[245, 615, 41, 619]
[96, 564, 245, 615]
[245, 502, 615, 158]
[660, 245, 615]
[615, 905]
[245, 615, 42, 619]
[97, 564, 245, 615]
[245, 502, 615, 159]
[245, 661, 615]
[615, 906]
[245, 615, 43, 619]
[98, 564, 245, 615]
[160, 245, 502, 615]
[245, 662, 615]
[245, 615, 619, 44]
[161, 245, 502, 615]
[245, 615, 663]
[245, 615, 619, 45]
[100, 564, 245, 615]
[162, 245, 502, 615]
[615, 909]
[245, 615, 619, 46]
[564, 101, 245, 615]
[163, 245, 502, 615]
[245, 615, 665]
[615, 910]
[245, 615, 619, 47]
[564, 245, 102, 615]
[164, 245, 502, 615]
[245, 615, 666]
[615, 911]
[48, 245, 615, 619]
[564, 245, 103, 615]
[165, 245, 502, 615]
[912, 615]
[49, 245, 615, 619]
[564, 245, 615, 104]
[245, 166, 502, 615]
[913, 615]
[564, 245, 615, 105]
[245, 502, 167, 615]
[914, 615]
[51, 245, 615, 619]
[245, 502, 615, 168]
[245, 615, 670]
[915, 615]
[52, 245, 615, 619]
[245, 502, 615, 169]
[245, 615, 671]
[916, 615]
[53, 245, 615, 619]
[564, 245, 615, 108]
[245, 502, 615, 170]
[672, 245, 615]
[917, 615]
[245, 54, 615, 619]
[245, 502, 615, 171]
[673, 245, 615]
[918, 615]
[245, 55, 615, 619]
[564, 245, 615, 110]
[245, 502, 615, 172]
[674, 245, 615]
[615, 919]
[245, 615, 56, 619]
[564, 245, 615, 111]
[245, 502, 615, 173]
[675, 245, 615]
[615, 920]
[245, 615, 57, 619]
[112, 564, 245, 615]
[245, 502, 615, 174]
[676, 245, 615]
[615, 921]
[245, 615, 58, 619]
[113, 564, 245, 615]
[245, 502, 615, 175]
[245, 677, 615]
[615, 922]
[245, 615, 59, 619]
[114, 564, 245, 615]
[176, 245, 502, 615]
[245, 678, 615]
[615, 923]
[115, 564, 245, 615]
[177, 245, 502, 615]
[245, 615, 679]
[116, 564, 245, 615]
[178, 245, 502, 615]
[245, 615, 680]
[615, 925]
[245, 615, 619, 62]
[564, 117, 245, 615]
[179, 245, 502, 615]
[245, 615, 681]
[615, 926]
[564, 245, 118, 615]
[180, 245, 502, 615]
[245, 615, 682]
[615, 927]
[64, 245, 615, 619]
[181, 245, 502, 615]
[245, 615, 683]
[928, 615]
[564, 245, 615, 120]
[245, 182, 502, 615]
[245, 615, 684]
[66, 245, 615, 619]
[564, 245, 615, 121]
[245, 502, 183, 615]
[245, 615, 685]
[930, 615]
[67, 245, 615, 619]
[564, 245, 615, 122]
[245, 615, 686]
[931, 615]
[68, 245, 615, 619]
[564, 245, 615, 123]
[245, 502, 615, 185]
[245, 615, 687]
[932, 615]
[69, 245, 615, 619]
[564, 245, 615, 124]
[245, 502, 615, 186]
[688, 245, 615]
[933, 615]
[245, 70, 615, 619]
[564, 245, 615, 125]
[245, 502, 615, 187]
[689, 245, 615]
[934, 615]
[245, 71, 615, 619]
[564, 245, 615, 126]
[245, 502, 615, 188]
[690, 245, 615]
[615, 935]
[245, 615, 72, 619]
[564, 245, 615, 127]
[245, 502, 615, 189]
[691, 245, 615]
[615, 936]
[245, 615, 73, 619]
[128, 564, 245, 615]
[245, 502, 615, 190]
[692, 245, 615]
[615, 937]
[245, 615, 74, 619]
[129, 564, 245, 615]
[245, 502, 615, 191]
[245, 693, 615]
[615, 938]
[245, 615, 75, 619]
[130, 564, 245, 615]
[192, 245, 502, 615]
[245, 694, 615]
[615, 939]
[131, 564, 245, 615]
[193, 245, 502, 615]
[245, 615, 695]
[615, 940]
[132, 564, 245, 615]
[194, 245, 502, 615]
[245, 615, 696]
[615, 941]
[245, 615, 619, 78]
[245, 615, 697]
[615, 942]
[196, 245, 502, 615]
[245, 615, 698]
[615, 943]
[80, 245, 615, 619]
[564, 245, 135, 615]
[197, 245, 502, 615]
[245, 615, 699]
[944, 615]
[81, 245, 615, 619]
[564, 245, 615, 136]
[245, 198, 502, 615]
[945, 615]
[82, 245, 615, 619]
[564, 245, 615, 137]
[245, 502, 199, 615]
[245, 615, 701]
[946, 615]
[83, 245, 615, 619]
[564, 245, 615, 138]
[245, 615, 702]
[947, 615]
[564, 245, 615, 139]
[245, 502, 615, 201]
[245, 615, 703]
[948, 615]
[85, 245, 615, 619]
[564, 245, 615, 140]
[245, 502, 615, 202]
[704, 245, 615]
[949, 615]
[245, 86, 615, 619]
[564, 245, 615, 141]
[245, 502, 615, 203]
[705, 245, 615]
[950, 615]
[564, 245, 615, 142]
[245, 502, 615, 204]
[706, 245, 615]
[615, 951]
[245, 615, 88, 619]
[564, 245, 615, 143]
[245, 502, 615, 205]
[707, 245, 615]
[615, 952]
[245, 615, 89, 619]
[144, 564, 245, 615]
[245, 502, 615, 206]
[708, 245, 615]
[615, 953]
[245, 615, 90, 619]
[145, 564, 245, 615]
[245, 502, 615, 207]
[245, 709, 615]
[615, 954]
[245, 615, 91, 619]
[146, 564, 245, 615]
[208, 245, 502, 615]
[245, 710, 615]
[147, 564, 245, 615]
[209, 245, 502, 615]
[245, 615, 711]
[615, 956]
[245, 615, 619, 93]
[210, 245, 502, 615]
[245, 615, 712]
[245, 615, 619, 94]
[245, 615, 282, 431]
[245, 615, 713]
[615, 958]
[245, 615, 619, 95]
[564, 245, 150, 615]
[212, 245, 502, 615]
[245, 615, 714]
[615, 959]
[96, 245, 615, 619]
[564, 245, 151, 615]
[213, 245, 502, 615]
[245, 615, 715]
[960, 615]
[97, 245, 615, 619]
[564, 245, 615, 152]
[245, 214, 502, 615]
[245, 615, 716]
[961, 615]
[98, 245, 615, 619]
[564, 245, 615, 153]
[245, 502, 215, 615]
[564, 245, 615, 154]
[245, 502, 615, 216]
[245, 615, 718]
[963, 615]
[100, 245, 615, 619]
[564, 245, 615, 155]
[245, 502, 615, 217]
[245, 615, 719]
[964, 615]
[101, 245, 615, 619]
[564, 245, 615, 156]
[245, 502, 615, 218]
[720, 245, 615]
[965, 615]
[245, 102, 615, 619]
[564, 245, 615, 157]
[721, 245, 615]
[966, 615]
[245, 103, 615, 619]
[564, 245, 615, 158]
[245, 502, 615, 220]
[722, 245, 615]
[615, 967]
[245, 615, 104, 619]
[564, 245, 615, 159]
[723, 245, 615]
[245, 615, 105, 619]
[160, 564, 245, 615]
[245, 502, 615, 222]
[724, 245, 615]
[615, 969]
[161, 564, 245, 615]
[245, 725, 615]
[615, 970]
[162, 564, 245, 615]
[224, 245, 502, 615]
[245, 726, 615]
[245, 615, 619, 108]
[163, 564, 245, 615]
[225, 245, 502, 615]
[615, 972]
[164, 564, 245, 615]
[226, 245, 502, 615]
[615, 973]
[245, 615, 619, 110]
[564, 165, 245, 615]
[227, 245, 502, 615]
[245, 615, 729]
[245, 615, 619, 111]
[564, 245, 166, 615]
[228, 245, 502, 615]
[245, 615, 730]
[615, 975]
[112, 245, 615, 619]
[564, 245, 167, 615]
[229, 245, 502, 615]
[245, 615, 731]
[113, 245, 615, 619]
[564, 245, 615, 168]
[245, 230, 502, 615]
[245, 615, 732]
[977, 615]
[114, 245, 615, 619]
[564, 245, 615, 169]
[245, 502, 231, 615]
[245, 615, 733]
[978, 615]
[115, 245, 615, 619]
[564, 245, 615, 170]
[245, 615, 734]
[979, 615]
[116, 245, 615, 619]
[564, 245, 615, 171]
[245, 615, 735]
[980, 615]
[117, 245, 615, 619]
[564, 245, 615, 172]
[245, 502, 615, 234]
[245, 454, 615, 282]
[736, 245, 615]
[981, 615]
[245, 118, 615, 619]
[564, 245, 615, 173]
[982, 615]
[564, 245, 615, 174]
[245, 502, 615, 236]
[738, 245, 615]
[615, 983]
[245, 615, 120, 619]
[564, 245, 615, 175]
[245, 502, 615, 237]
[739, 245, 615]
[615, 984]
[245, 615, 121, 619]
[176, 564, 245, 615]
[740, 245, 615]
[615, 985]
[245, 615, 122, 619]
[177, 564, 245, 615]
[245, 502, 615, 239]
[245, 741, 615]
[615, 986]
[245, 615, 123, 619]
[178, 564, 245, 615]
[240, 245, 502, 615]
[245, 742, 615]
[245, 615, 619, 124]
[179, 564, 245, 615]
[241, 245, 502, 615]
[245, 615, 743]
[615, 988]
[245, 615, 619, 125]
[180, 564, 245, 615]
[242, 245, 502, 615]
[245, 615, 744]
[615, 989]
[245, 615, 619, 126]
[564, 181, 245, 615]
[245, 615, 745]
[615, 990]
[245, 615, 619, 127]
[564, 245, 182, 615]
[244, 245, 502, 615]
[245, 615, 746]
[615, 991]
[128, 245, 615, 619]
[564, 245, 183, 615]
[465, 245, 615, 282]
[992, 615]
[129, 245, 615, 619]
[245, 246, 502, 615]
[130, 245, 615, 619]
[564, 245, 615, 185]
[245, 502, 247, 615]
[245, 615, 749]
[994, 615]
[131, 245, 615, 619]
[564, 245, 615, 186]
[245, 502, 615, 248]
[245, 615, 750]
[995, 615]
[132, 245, 615, 619]
[564, 245, 615, 187]
[245, 502, 615, 249]
[245, 615, 751]
[564, 245, 615, 188]
[752, 245, 615]
[997, 615]
[564, 245, 615, 189]
[753, 245, 615]
[998, 615]
[245, 135, 615, 619]
[564, 245, 615, 190]
[245, 502, 615, 252]
[615, 999]
[245, 615, 136, 619]
[564, 245, 615, 191]
[245, 615, 473, 282]
[755, 245, 615]
[245, 615, 137, 619]
[192, 564, 245, 615]
[245, 502, 615, 254]
[245, 615, 138, 619]
[193, 564, 245, 615]
[245, 502, 615, 255]
[245, 757, 615]
[245, 615, 139, 619]
[194, 564, 245, 615]
[256, 245, 502, 615]
[245, 758, 615]
[245, 615, 619, 140]
[257, 245, 502, 615]
[245, 615, 759]
[245, 615, 619, 141]
[196, 564, 245, 615]
[258, 245, 502, 615]
[245, 615, 760]
[245, 615, 619, 142]
[564, 197, 245, 615]
[259, 245, 502, 615]
[245, 615, 282, 479]
[245, 615, 619, 143]
[564, 245, 198, 615]
[245, 615, 762]
[144, 245, 615, 619]
[564, 245, 199, 615]
[245, 261, 502, 615]
[245, 615, 763]
[145, 245, 615, 619]
[245, 262, 502, 615]
[245, 615, 764]
[146, 245, 615, 619]
[564, 245, 615, 201]
[245, 502, 263, 615]
[245, 615, 765]
[147, 245, 615, 619]
[564, 245, 615, 202]
[245, 502, 615, 264]
[245, 615, 766]
[564, 245, 615, 203]
[245, 502, 615, 265]
[245, 615, 767]
[564, 245, 615, 204]
[245, 502, 615, 266]
[768, 245, 615]
[245, 150, 615, 619]
[564, 245, 615, 205]
[245, 502, 615, 267]
[769, 245, 615]
[245, 151, 615, 619]
[564, 245, 615, 206]
[245, 502, 615, 268]
[245, 615, 152, 619]
[564, 245, 615, 207]
[245, 502, 615, 269]
[771, 245, 615]
[245, 615, 153, 619]
[208, 564, 245, 615]
[245, 502, 615, 270]
[245, 615, 154, 619]
[209, 564, 245, 615]
[245, 773, 615]
[245, 615, 155, 619]
[210, 564, 245, 615]
[272, 245, 502, 615]
[245, 774, 615]
[245, 615, 619, 156]
[273, 245, 502, 615]
[245, 615, 775]
[245, 615, 619, 157]
[212, 564, 245, 615]
[274, 245, 502, 615]
[245, 615, 776]
[245, 615, 619, 158]
[564, 213, 245, 615]
[275, 245, 502, 615]
[245, 615, 777]
[245, 615, 619, 159]
[564, 245, 214, 615]
[276, 245, 502, 615]
[245, 615, 778]
[160, 245, 615, 619]
[564, 245, 215, 615]
[245, 277, 502, 615]
[245, 615, 779]
[161, 245, 615, 619]
[564, 245, 615, 216]
[245, 278, 502, 615]
[245, 615, 780]
[768, 245, 615, 13]
[162, 245, 615, 619]
[564, 245, 615, 217]
[245, 502, 279, 615]
[245, 615, 781]
[768, 245, 615, 14]
[163, 245, 615, 619]
[564, 245, 615, 218]
[245, 502, 615, 280]
[245, 615, 782]
[164, 245, 615, 619]
[245, 502, 615, 281]
[245, 615, 783]
[16, 768, 245, 615]
[165, 245, 615, 619]
[245, 502, 615, 282]
[564, 245, 615, 220]
[784, 245, 615]
[245, 166, 615, 619]
[245, 502, 615, 283]
[785, 245, 615]
[245, 167, 615, 619]
[564, 245, 615, 222]
[768, 19, 245, 615]
[245, 615, 168, 619]
[245, 502, 615, 285]
[787, 245, 615]
[768, 20, 245, 615]
[245, 615, 169, 619]
[224, 564, 245, 615]
[245, 502, 615, 286]
[788, 245, 615]
[245, 615, 170, 619]
[225, 564, 245, 615]
[245, 502, 615, 287]
[245, 789, 615]
[768, 245, 22, 615]
[245, 615, 171, 619]
[226, 564, 245, 615]
[245, 790, 615]
[768, 245, 23, 615]
[245, 615, 619, 172]
[227, 564, 245, 615]
[289, 245, 502, 615]
[768, 245, 615, 24]
[245, 615, 619, 173]
[228, 564, 245, 615]
[290, 245, 502, 615]
[245, 615, 792]
[245, 615, 619, 174]
[564, 229, 245, 615]
[245, 615, 793]
[245, 615, 619, 175]
[564, 245, 230, 615]
[292, 245, 502, 615]
[245, 615, 794]
[176, 245, 615, 619]
[564, 245, 231, 615]
[245, 293, 502, 615]
[245, 615, 795]
[177, 245, 615, 619]
[245, 294, 502, 615]
[768, 245, 615, 29]
[178, 245, 615, 619]
[245, 502, 295, 615]
[245, 615, 797]
[179, 245, 615, 619]
[564, 245, 615, 234]
[245, 502, 615, 296]
[245, 615, 798]
[180, 245, 615, 619]
[245, 502, 615, 297]
[245, 615, 799]
[181, 245, 615, 619]
[564, 245, 615, 236]
[245, 502, 615, 298]
[800, 245, 615]
[245, 182, 615, 619]
[564, 245, 615, 237]
[245, 502, 615, 299]
[801, 245, 615]
[768, 34, 245, 615]
[245, 183, 615, 619]
[245, 502, 615, 300]
[802, 245, 615]
[564, 245, 615, 239]
[245, 502, 615, 301]
[803, 245, 615]
[245, 615, 185, 619]
[240, 564, 245, 615]
[804, 245, 615]
[245, 615, 186, 619]
[241, 564, 245, 615]
[245, 502, 615, 303]
[245, 805, 615]
[245, 615, 187, 619]
[242, 564, 245, 615]
[304, 245, 502, 615]
[245, 806, 615]
[245, 615, 619, 188]
[305, 245, 502, 615]
[245, 615, 807]
[245, 615, 619, 189]
[244, 564, 245, 615]
[306, 245, 502, 615]
[245, 615, 619, 190]
[307, 245, 502, 615]
[245, 615, 809]
[768, 245, 615, 42]
[245, 615, 619, 191]
[564, 245, 246, 615]
[308, 245, 502, 615]
[245, 615, 810]
[192, 245, 615, 619]
[564, 245, 247, 615]
[245, 309, 502, 615]
[245, 615, 811]
[193, 245, 615, 619]
[564, 245, 615, 248]
[245, 310, 502, 615]
[245, 615, 812]
[194, 245, 615, 619]
[564, 245, 615, 249]
[245, 502, 311, 615]
[245, 615, 813]
[245, 615, 814]
[768, 245, 615, 47]
[196, 245, 615, 619]
[245, 502, 615, 313]
[245, 615, 815]
[197, 245, 615, 619]
[564, 245, 615, 252]
[245, 502, 615, 314]
[768, 49, 245, 615]
[245, 198, 615, 619]
[245, 502, 615, 315]
[817, 245, 615]
[245, 199, 615, 619]
[564, 245, 615, 254]
[245, 502, 615, 316]
[818, 245, 615]
[564, 245, 615, 255]
[245, 502, 615, 317]
[819, 245, 615]
[245, 615, 201, 619]
[256, 564, 245, 615]
[245, 502, 615, 318]
[820, 245, 615]
[245, 615, 202, 619]
[257, 564, 245, 615]
[245, 502, 615, 319]
[245, 821, 615]
[245, 615, 203, 619]
[258, 564, 245, 615]
[320, 245, 502, 615]
[245, 822, 615]
[245, 615, 619, 204]
[259, 564, 245, 615]
[321, 245, 502, 615]
[245, 615, 823]
[768, 245, 615, 56]
[245, 615, 619, 205]
[322, 245, 502, 615]
[245, 615, 824]
[245, 615, 619, 206]
[564, 245, 261, 615]
[245, 615, 825]
[245, 615, 619, 207]
[564, 245, 262, 615]
[324, 245, 502, 615]
[245, 615, 826]
[768, 245, 615, 59]
[208, 245, 615, 619]
[564, 245, 263, 615]
[245, 325, 502, 615]
[245, 615, 827]
[209, 245, 615, 619]
[564, 245, 615, 264]
[245, 326, 502, 615]
[245, 615, 828]
[210, 245, 615, 619]
[564, 245, 615, 265]
[245, 502, 327, 615]
[245, 615, 829]
[768, 245, 615, 62]
[564, 245, 615, 266]
[245, 502, 615, 328]
[245, 615, 830]
[212, 245, 615, 619]
[564, 245, 615, 267]
[245, 502, 615, 329]
[245, 615, 831]
[64, 768, 245, 615]
[213, 245, 615, 619]
[564, 245, 615, 268]
[245, 502, 615, 330]
[832, 245, 615]
[245, 214, 615, 619]
[564, 245, 615, 269]
[245, 502, 615, 331]
[833, 245, 615]
[245, 215, 615, 619]
[564, 245, 615, 270]
[245, 502, 615, 332]
[834, 245, 615]
[768, 67, 245, 615]
[245, 615, 216, 619]
[245, 502, 615, 333]
[835, 245, 615]
[245, 615, 217, 619]
[272, 564, 245, 615]
[245, 502, 615, 334]
[245, 615, 218, 619]
[273, 564, 245, 615]
[245, 502, 615, 335]
[245, 837, 615]
[274, 564, 245, 615]
[336, 245, 502, 615]
[245, 838, 615]
[245, 615, 619, 220]
[275, 564, 245, 615]
[245, 615, 839]
[276, 564, 245, 615]
[338, 245, 502, 615]
[245, 615, 840]
[245, 615, 619, 222]
[564, 245, 277, 615]
[339, 245, 502, 615]
[245, 615, 841]
[768, 245, 615, 74]
[564, 245, 278, 615]
[245, 615, 842]
[224, 245, 615, 619]
[564, 245, 279, 615]
[245, 615, 843]
[225, 245, 615, 619]
[564, 245, 615, 280]
[245, 342, 502, 615]
[245, 615, 844]
[226, 245, 615, 619]
[564, 245, 615, 281]
[245, 502, 343, 615]
[245, 615, 845]
[227, 245, 615, 619]
[564, 245, 615, 282]
[245, 615, 846]
[228, 245, 615, 619]
[564, 245, 615, 283]
[245, 502, 615, 345]
[245, 615, 847]
[229, 245, 615, 619]
[245, 502, 615, 346]
[768, 81, 245, 615]
[245, 230, 615, 619]
[564, 245, 615, 285]
[245, 502, 615, 347]
[849, 245, 615]
[245, 231, 615, 619]
[564, 245, 615, 286]
[245, 502, 615, 348]
[850, 245, 615]
[768, 83, 245, 615]
[564, 245, 615, 287]
[245, 502, 615, 349]
[851, 245, 615]
[245, 502, 615, 350]
[852, 245, 615]
[245, 615, 234, 619]
[289, 564, 245, 615]
[245, 502, 615, 351]
[245, 853, 615]
[768, 245, 86, 615]
[290, 564, 245, 615]
[352, 245, 502, 615]
[245, 854, 615]
[245, 615, 619, 236]
[245, 615, 855]
[768, 245, 615, 88]
[245, 615, 619, 237]
[292, 564, 245, 615]
[354, 245, 502, 615]
[245, 615, 856]
[768, 245, 615, 89]
[564, 245, 293, 615]
[355, 245, 502, 615]
[245, 615, 857]
[245, 615, 619, 239]
[564, 245, 294, 615]
[356, 245, 502, 615]
[245, 615, 858]
[768, 245, 615, 91]
[240, 245, 615, 619]
[564, 245, 295, 615]
[245, 357, 502, 615]
[245, 615, 859]
[241, 245, 615, 619]
[564, 245, 615, 296]
[245, 358, 502, 615]
[245, 615, 860]
[242, 245, 615, 619]
[564, 245, 615, 297]
[245, 502, 615, 360]
[564, 245, 615, 298]
[245, 615, 862]
[244, 245, 615, 619]
[564, 245, 615, 299]
[245, 502, 615, 361]
[564, 245, 615, 300]
[245, 502, 615, 362]
[864, 245, 615]
[245, 246, 615, 619]
[564, 245, 615, 301]
[245, 502, 615, 363]
[865, 245, 615]
[245, 247, 615, 619]
[245, 502, 615, 364]
[866, 245, 615]
[245, 615, 248, 619]
[564, 245, 615, 303]
[867, 245, 615]
[245, 615, 249, 619]
[304, 564, 245, 615]
[245, 502, 615, 366]
[868, 245, 615]
[768, 101, 245, 615]
[305, 564, 245, 615]
[245, 502, 615, 367]
[245, 869, 615]
[768, 245, 102, 615]
[306, 564, 245, 615]
[368, 245, 502, 615]
[245, 870, 615]
[768, 245, 103, 615]
[245, 615, 619, 252]
[307, 564, 245, 615]
[369, 245, 502, 615]
[245, 615, 871]
[308, 564, 245, 615]
[370, 245, 502, 615]
[245, 615, 872]
[245, 615, 619, 254]
[564, 245, 309, 615]
[371, 245, 502, 615]
[245, 615, 619, 255]
[564, 245, 310, 615]
[372, 245, 502, 615]
[245, 615, 874]
[256, 245, 615, 619]
[564, 245, 311, 615]
[245, 373, 502, 615]
[257, 245, 615, 619]
[245, 374, 502, 615]
[245, 615, 876]
[258, 245, 615, 619]
[564, 245, 615, 313]
[245, 502, 375, 615]
[245, 615, 877]
[259, 245, 615, 619]
[564, 245, 615, 314]
[245, 502, 615, 376]
[245, 615, 878]
[564, 245, 615, 315]
[245, 502, 615, 377]
[245, 615, 879]
[245, 261, 615, 619]
[564, 245, 615, 316]
[245, 502, 615, 378]
[880, 245, 615]
[768, 113, 245, 615]
[245, 262, 615, 619]
[564, 245, 615, 317]
[245, 502, 615, 379]
[881, 245, 615]
[245, 263, 615, 619]
[564, 245, 615, 318]
[882, 245, 615]
[245, 615, 264, 619]
[564, 245, 615, 319]
[245, 502, 615, 381]
[883, 245, 615]
[245, 615, 265, 619]
[320, 564, 245, 615]
[245, 502, 615, 382]
[884, 245, 615]
[245, 615, 266, 619]
[321, 564, 245, 615]
[245, 502, 615, 383]
[245, 885, 615]
[245, 615, 267, 619]
[322, 564, 245, 615]
[384, 245, 502, 615]
[245, 886, 615]
[245, 615, 619, 268]
[385, 245, 502, 615]
[245, 615, 887]
[245, 615, 619, 269]
[324, 564, 245, 615]
[245, 615, 888]
[768, 245, 615, 121]
[245, 615, 619, 270]
[564, 245, 325, 615]
[387, 245, 502, 615]
[245, 615, 889]
[564, 245, 326, 615]
[388, 245, 502, 615]
[245, 615, 890]
[768, 245, 615, 123]
[272, 245, 615, 619]
[564, 245, 327, 615]
[245, 615, 891]
[768, 245, 615, 124]
[273, 245, 615, 619]
[564, 245, 615, 328]
[245, 390, 502, 615]
[245, 615, 892]
[274, 245, 615, 619]
[564, 245, 615, 329]
[245, 502, 391, 615]
[245, 615, 893]
[275, 245, 615, 619]
[564, 245, 615, 330]
[245, 502, 615, 392]
[245, 615, 894]
[276, 245, 615, 619]
[564, 245, 615, 331]
[245, 615, 895]
[245, 277, 615, 619]
[564, 245, 615, 332]
[245, 502, 615, 394]
[896, 245, 615]
[245, 278, 615, 619]
[564, 245, 615, 333]
[245, 502, 615, 395]
[897, 245, 615]
[245, 279, 615, 619]
[564, 245, 615, 334]
[245, 502, 615, 396]
[898, 245, 615]
[768, 131, 245, 615]
[245, 615, 280, 619]
[564, 245, 615, 335]
[245, 502, 615, 397]
[899, 245, 615]
[245, 615, 281, 619]
[336, 564, 245, 615]
[245, 502, 615, 398]
[900, 245, 615]
[245, 615, 282, 619]
[245, 502, 615, 399]
[245, 901, 615]
[245, 615, 283, 619]
[338, 564, 245, 615]
[400, 245, 502, 615]
[245, 902, 615]
[768, 245, 135, 615]
[339, 564, 245, 615]
[401, 245, 502, 615]
[245, 615, 903]
[245, 615, 619, 285]
[402, 245, 502, 615]
[245, 615, 904]
[768, 245, 615, 137]
[245, 615, 619, 286]
[403, 245, 502, 615]
[245, 615, 905]
[768, 245, 615, 138]
[245, 615, 619, 287]
[564, 245, 342, 615]
[245, 615, 906]
[564, 245, 343, 615]
[245, 405, 502, 615]
[289, 245, 615, 619]
[245, 406, 502, 615]
[290, 245, 615, 619]
[564, 245, 615, 345]
[245, 502, 407, 615]
[245, 615, 909]
[564, 245, 615, 346]
[245, 502, 615, 408]
[245, 615, 910]
[292, 245, 615, 619]
[564, 245, 615, 347]
[245, 502, 615, 409]
[245, 615, 911]
[245, 293, 615, 619]
[564, 245, 615, 348]
[912, 245, 615]
[245, 294, 615, 619]
[564, 245, 615, 349]
[245, 502, 615, 411]
[913, 245, 615]
[768, 146, 245, 615]
[245, 295, 615, 619]
[564, 245, 615, 350]
[245, 502, 615, 412]
[914, 245, 615]
[245, 615, 296, 619]
[564, 245, 615, 351]
[245, 502, 615, 413]
[915, 245, 615]
[245, 615, 297, 619]
[352, 564, 245, 615]
[245, 502, 615, 414]
[916, 245, 615]
[245, 615, 298, 619]
[245, 502, 615, 415]
[245, 917, 615]
[245, 615, 299, 619]
[354, 564, 245, 615]
[245, 918, 615]
[245, 615, 282, 637]
[245, 615, 619, 300]
[355, 564, 245, 615]
[417, 245, 502, 615]
[245, 615, 919]
[768, 245, 615, 152]
[245, 615, 619, 301]
[356, 564, 245, 615]
[418, 245, 502, 615]
[245, 615, 920]
[768, 245, 615, 153]
[564, 245, 357, 615]
[419, 245, 502, 615]
[245, 615, 921]
[245, 615, 619, 303]
[564, 245, 358, 615]
[245, 615, 922]
[304, 245, 615, 619]
[245, 421, 502, 615]
[245, 615, 923]
[305, 245, 615, 619]
[564, 245, 615, 360]
[245, 422, 502, 615]
[306, 245, 615, 619]
[564, 245, 615, 361]
[245, 502, 423, 615]
[245, 615, 925]
[307, 245, 615, 619]
[564, 245, 615, 362]
[245, 502, 615, 424]
[245, 615, 926]
[308, 245, 615, 619]
[564, 245, 615, 363]
[245, 615, 927]
[245, 309, 615, 619]
[564, 245, 615, 364]
[245, 502, 615, 426]
[928, 245, 615]
[245, 310, 615, 619]
[245, 502, 615, 427]
[245, 311, 615, 619]
[564, 245, 615, 366]
[245, 502, 615, 428]
[930, 245, 615]
[564, 245, 615, 367]
[245, 502, 615, 429]
[931, 245, 615]
[245, 615, 313, 619]
[368, 564, 245, 615]
[245, 502, 615, 430]
[932, 245, 615]
[768, 165, 245, 615]
[245, 615, 314, 619]
[369, 564, 245, 615]
[245, 502, 615, 431]
[245, 933, 615]
[768, 245, 166, 615]
[245, 615, 315, 619]
[370, 564, 245, 615]
[432, 245, 502, 615]
[245, 934, 615]
[245, 615, 619, 316]
[371, 564, 245, 615]
[245, 615, 935]
[245, 615, 619, 317]
[372, 564, 245, 615]
[245, 615, 936]
[768, 245, 615, 169]
[245, 615, 619, 318]
[564, 245, 373, 615]
[435, 245, 502, 615]
[245, 615, 937]
[245, 615, 619, 319]
[564, 245, 374, 615]
[436, 245, 502, 615]
[245, 615, 938]
[320, 245, 615, 619]
[564, 245, 375, 615]
[245, 437, 502, 615]
[245, 615, 939]
[321, 245, 615, 619]
[564, 245, 615, 376]
[245, 438, 502, 615]
[245, 615, 940]
[322, 245, 615, 619]
[564, 245, 615, 377]
[245, 502, 439, 615]
[245, 615, 941]
[564, 245, 615, 378]
[245, 502, 615, 440]
[245, 615, 942]
[324, 245, 615, 619]
[564, 245, 615, 379]
[245, 502, 615, 441]
[245, 615, 943]
[245, 325, 615, 619]
[245, 502, 615, 442]
[944, 245, 615]
[245, 326, 615, 619]
[564, 245, 615, 381]
[245, 502, 615, 443]
[945, 245, 615]
[245, 327, 615, 619]
[564, 245, 615, 382]
[245, 502, 615, 444]
[946, 245, 615]
[768, 179, 245, 615]
[245, 615, 328, 619]
[564, 245, 615, 383]
[947, 245, 615]
[245, 615, 329, 619]
[384, 564, 245, 615]
[948, 245, 615]
[245, 615, 330, 619]
[385, 564, 245, 615]
[245, 502, 615, 447]
[245, 949, 615]
[768, 245, 182, 615]
[245, 615, 331, 619]
[448, 245, 502, 615]
[245, 950, 615]
[245, 615, 619, 332]
[387, 564, 245, 615]
[449, 245, 502, 615]
[245, 615, 951]
[245, 615, 619, 333]
[388, 564, 245, 615]
[450, 245, 502, 615]
[245, 615, 952]
[245, 615, 619, 334]
[451, 245, 502, 615]
[245, 615, 953]
[768, 245, 615, 186]
[245, 615, 619, 335]
[564, 245, 390, 615]
[452, 245, 502, 615]
[245, 615, 954]
[336, 245, 615, 619]
[564, 245, 391, 615]
[245, 453, 502, 615]
[564, 245, 615, 392]
[245, 454, 502, 615]
[245, 615, 956]
[768, 245, 615, 189]
[338, 245, 615, 619]
[245, 502, 455, 615]
[339, 245, 615, 619]
[564, 245, 615, 394]
[245, 502, 615, 456]
[245, 615, 958]
[768, 245, 615, 191]
[564, 245, 615, 395]
[245, 615, 959]
[564, 245, 615, 396]
[245, 502, 615, 458]
[960, 245, 615]
[245, 342, 615, 619]
[564, 245, 615, 397]
[245, 502, 615, 459]
[961, 245, 615]
[245, 343, 615, 619]
[564, 245, 615, 398]
[245, 502, 615, 460]
[564, 245, 615, 399]
[245, 502, 615, 461]
[963, 245, 615]
[245, 615, 345, 619]
[400, 564, 245, 615]
[245, 502, 615, 462]
[964, 245, 615]
[245, 615, 346, 619]
[401, 564, 245, 615]
[245, 965, 615]
[245, 615, 347, 619]
[402, 564, 245, 615]
[464, 245, 502, 615]
[245, 966, 615]
[768, 245, 199, 615]
[245, 615, 619, 348]
[403, 564, 245, 615]
[465, 245, 502, 615]
[245, 615, 967]
[245, 615, 619, 349]
[466, 245, 502, 615]
[245, 615, 619, 350]
[564, 245, 405, 615]
[467, 245, 502, 615]
[245, 615, 969]
[768, 245, 615, 202]
[245, 615, 619, 351]
[564, 245, 406, 615]
[468, 245, 502, 615]
[245, 615, 970]
[850, 245, 615, 121]
[352, 245, 615, 619]
[564, 245, 407, 615]
[245, 469, 502, 615]
[564, 245, 615, 408]
[245, 470, 502, 615]
[245, 615, 972]
[354, 245, 615, 619]
[564, 245, 615, 409]
[245, 502, 471, 615]
[245, 615, 973]
[768, 245, 615, 206]
[355, 245, 615, 619]
[245, 502, 615, 472]
[356, 245, 615, 619]
[564, 245, 615, 411]
[245, 502, 615, 473]
[245, 615, 975]
[245, 357, 615, 619]
[564, 245, 615, 412]
[245, 502, 615, 474]
[768, 209, 245, 615]
[245, 358, 615, 619]
[564, 245, 615, 413]
[245, 502, 615, 475]
[977, 245, 615]
[564, 245, 615, 414]
[245, 502, 615, 476]
[978, 245, 615]
[245, 615, 360, 619]
[564, 245, 615, 415]
[245, 502, 615, 477]
[979, 245, 615]
[245, 615, 361, 619]
[245, 502, 615, 478]
[980, 245, 615]
[245, 615, 362, 619]
[417, 564, 245, 615]
[245, 502, 615, 479]
[245, 981, 615]
[245, 615, 363, 619]
[418, 564, 245, 615]
[480, 245, 502, 615]
[245, 982, 615]
[245, 615, 619, 364]
[419, 564, 245, 615]
[481, 245, 502, 615]
[245, 615, 983]
[482, 245, 502, 615]
[245, 615, 984]
[245, 615, 619, 366]
[564, 245, 421, 615]
[483, 245, 502, 615]
[245, 615, 985]
[768, 245, 615, 218]
[245, 615, 619, 367]
[564, 245, 422, 615]
[484, 245, 502, 615]
[245, 615, 986]
[368, 245, 615, 619]
[564, 245, 423, 615]
[245, 485, 502, 615]
[369, 245, 615, 619]
[564, 245, 615, 424]
[245, 486, 502, 615]
[245, 615, 988]
[370, 245, 615, 619]
[245, 502, 487, 615]
[245, 615, 989]
[768, 245, 615, 222]
[371, 245, 615, 619]
[564, 245, 615, 426]
[245, 615, 990]
[372, 245, 615, 619]
[564, 245, 615, 427]
[245, 502, 615, 489]
[245, 615, 991]
[245, 373, 615, 619]
[564, 245, 615, 428]
[245, 502, 615, 490]
[992, 245, 615]
[768, 225, 245, 615]
[245, 374, 615, 619]
[564, 245, 615, 429]
[245, 502, 615, 491]
[245, 375, 615, 619]
[564, 245, 615, 430]
[245, 502, 615, 492]
[994, 245, 615]
[245, 615, 376, 619]
[564, 245, 615, 431]
[245, 502, 615, 493]
[995, 245, 615]
[768, 228, 245, 615]
[245, 615, 377, 619]
[432, 564, 245, 615]
[245, 502, 615, 494]
[245, 615, 378, 619]
[245, 502, 615, 495]
[245, 997, 615]
[768, 245, 230, 615]
[245, 615, 379, 619]
[496, 245, 502, 615]
[245, 998, 615]
[435, 564, 245, 615]
[245, 615, 999]
[245, 615, 619, 381]
[436, 564, 245, 615]
[498, 245, 502, 615]
[245, 615, 619, 382]
[564, 245, 437, 615]
[499, 245, 502, 615]
[245, 615, 619, 383]
[564, 245, 438, 615]
[500, 245, 502, 615]
[384, 245, 615, 619]
[564, 245, 439, 615]
[245, 501, 502, 615]
[385, 245, 615, 619]
[564, 245, 615, 440]
[768, 245, 615, 237]
[564, 245, 615, 441]
[245, 502, 615, 503]
[387, 245, 615, 619]
[564, 245, 615, 442]
[245, 502, 615, 504]
[245, 725, 615, 282]
[388, 245, 615, 619]
[564, 245, 615, 443]
[245, 502, 615, 505]
[245, 726, 615, 282]
[564, 245, 615, 444]
[245, 390, 615, 619]
[245, 502, 615, 507]
[245, 391, 615, 619]
[245, 502, 615, 508]
[245, 615, 392, 619]
[564, 245, 615, 447]
[245, 502, 615, 509]
[768, 244, 245, 615]
[448, 564, 245, 615]
[245, 502, 615, 510]
[245, 615, 394, 619]
[449, 564, 245, 615]
[245, 502, 615, 511]
[768, 245, 246, 615]
[245, 615, 395, 619]
[450, 564, 245, 615]
[512, 245, 502, 615]
[768, 245, 247, 615]
[245, 615, 619, 396]
[451, 564, 245, 615]
[513, 245, 502, 615]
[768, 245, 615, 248]
[245, 615, 619, 397]
[452, 564, 245, 615]
[514, 245, 502, 615]
[245, 615, 619, 398]
[564, 245, 453, 615]
[515, 245, 502, 615]
[245, 615, 619, 399]
[564, 245, 454, 615]
[516, 245, 502, 615]
[400, 245, 615, 619]
[564, 245, 455, 615]
[245, 517, 502, 615]
[401, 245, 615, 619]
[564, 245, 615, 456]
[245, 502, 518, 615]
[739, 245, 615, 282]
[402, 245, 615, 619]
[768, 245, 615, 254]
[403, 245, 615, 619]
[564, 245, 615, 458]
[245, 502, 615, 520]
[768, 245, 615, 255]
[564, 245, 615, 459]
[245, 502, 615, 521]
[245, 405, 615, 619]
[564, 245, 615, 460]
[245, 502, 615, 522]
[768, 257, 245, 615]
[245, 406, 615, 619]
[564, 245, 615, 461]
[245, 502, 615, 523]
[245, 407, 615, 619]
[564, 245, 615, 462]
[245, 502, 615, 524]
[245, 615, 408, 619]
[245, 502, 615, 525]
[245, 615, 409, 619]
[464, 564, 245, 615]
[245, 502, 615, 526]
[768, 245, 261, 615]
[465, 564, 245, 615]
[245, 502, 615, 527]
[245, 615, 411, 619]
[466, 564, 245, 615]
[528, 245, 502, 615]
[245, 615, 619, 412]
[467, 564, 245, 615]
[529, 245, 502, 615]
[768, 245, 615, 264]
[245, 615, 619, 413]
[468, 564, 245, 615]
[530, 245, 502, 615]
[245, 615, 619, 414]
[564, 245, 469, 615]
[531, 245, 502, 615]
[245, 615, 619, 415]
[564, 245, 470, 615]
[532, 245, 502, 615]
[768, 245, 615, 267]
[564, 245, 471, 615]
[245, 533, 502, 615]
[417, 245, 615, 619]
[564, 245, 615, 472]
[245, 502, 534, 615]
[768, 245, 615, 269]
[418, 245, 615, 619]
[564, 245, 615, 473]
[245, 502, 615, 535]
[419, 245, 615, 619]
[564, 245, 615, 474]
[245, 502, 615, 536]
[564, 245, 615, 475]
[245, 502, 615, 537]
[245, 421, 615, 619]
[564, 245, 615, 476]
[245, 502, 615, 538]
[768, 273, 245, 615]
[245, 422, 615, 619]
[564, 245, 615, 477]
[245, 502, 615, 539]
[245, 423, 615, 619]
[564, 245, 615, 478]
[245, 502, 615, 540]
[245, 615, 424, 619]
[564, 245, 615, 479]
[245, 502, 615, 541]
[480, 564, 245, 615]
[245, 615, 426, 619]
[481, 564, 245, 615]
[245, 615, 427, 619]
[482, 564, 245, 615]
[544, 245, 502, 615]
[245, 615, 619, 428]
[483, 564, 245, 615]
[545, 245, 502, 615]
[245, 615, 619, 429]
[484, 564, 245, 615]
[546, 245, 502, 615]
[245, 615, 282, 767]
[245, 615, 619, 430]
[564, 245, 485, 615]
[768, 245, 615, 282]
[245, 615, 619, 431]
[564, 245, 486, 615]
[548, 245, 502, 615]
[432, 245, 615, 619]
[564, 245, 487, 615]
[245, 502, 550, 615]
[564, 245, 615, 489]
[245, 502, 615, 551]
[768, 245, 615, 286]
[435, 245, 615, 619]
[564, 245, 615, 490]
[245, 502, 615, 552]
[768, 245, 615, 287]
[436, 245, 615, 619]
[564, 245, 615, 491]
[245, 502, 615, 553]
[245, 437, 615, 619]
[564, 245, 615, 492]
[245, 502, 615, 554]
[768, 289, 245, 615]
[245, 438, 615, 619]
[564, 245, 615, 493]
[245, 439, 615, 619]
[564, 245, 615, 494]
[245, 502, 615, 556]
[245, 615, 440, 619]
[564, 245, 615, 495]
[245, 502, 615, 557]
[768, 292, 245, 615]
[245, 615, 441, 619]
[496, 564, 245, 615]
[245, 502, 615, 558]
[768, 245, 293, 615]
[245, 615, 442, 619]
[245, 615, 443, 619]
[498, 564, 245, 615]
[560, 245, 502, 615]
[245, 615, 619, 444]
[499, 564, 245, 615]
[561, 245, 502, 615]
[500, 564, 245, 615]
[562, 245, 502, 615]
[768, 245, 615, 297]
[564, 245, 501, 615]
[563, 245, 502, 615]
[245, 615, 619, 447]
[564, 245, 502, 615]
[448, 245, 615, 619]
[245, 565, 502, 615]
[564, 245, 503, 615]
[449, 245, 615, 619]
[564, 245, 615, 504]
[768, 245, 615, 301]
[450, 245, 615, 619]
[245, 502, 615, 567]
[564, 245, 615, 505]
[451, 245, 615, 619]
[245, 502, 615, 568]
[768, 245, 615, 303]
[452, 245, 615, 619]
[245, 502, 615, 569]
[564, 245, 615, 507]
[245, 453, 615, 619]
[564, 245, 615, 508]
[768, 305, 245, 615]
[245, 454, 615, 619]
[245, 502, 615, 571]
[564, 245, 615, 509]
[768, 306, 245, 615]
[245, 455, 615, 619]
[245, 502, 615, 572]
[564, 245, 615, 510]
[245, 615, 456, 619]
[245, 502, 615, 573]
[564, 245, 615, 511]
[245, 502, 615, 574]
[512, 564, 245, 615]
[245, 615, 458, 619]
[245, 502, 615, 575]
[513, 564, 245, 615]
[245, 615, 459, 619]
[576, 245, 502, 615]
[514, 564, 245, 615]
[245, 615, 619, 460]
[577, 245, 502, 615]
[515, 564, 245, 615]
[245, 615, 619, 461]
[578, 245, 502, 615]
[516, 564, 245, 615]
[768, 245, 615, 313]
[245, 615, 619, 462]
[579, 245, 502, 615]
[564, 245, 517, 615]
[580, 245, 502, 615]
[564, 245, 518, 615]
[464, 245, 615, 619]
[245, 581, 502, 615]
[465, 245, 615, 619]
[245, 502, 582, 615]
[564, 245, 615, 520]
[768, 245, 615, 317]
[466, 245, 615, 619]
[245, 502, 615, 583]
[564, 245, 615, 521]
[467, 245, 615, 619]
[564, 245, 615, 522]
[468, 245, 615, 619]
[245, 502, 615, 585]
[564, 245, 615, 523]
[245, 469, 615, 619]
[564, 245, 615, 524]
[245, 470, 615, 619]
[564, 245, 615, 525]
[245, 471, 615, 619]
[245, 502, 615, 588]
[564, 245, 615, 526]
[245, 615, 472, 619]
[245, 502, 615, 589]
[564, 245, 615, 527]
[768, 324, 245, 615]
[245, 615, 473, 619]
[245, 502, 615, 590]
[528, 564, 245, 615]
[245, 615, 474, 619]
[245, 502, 615, 591]
[529, 564, 245, 615]
[245, 615, 475, 619]
[592, 245, 502, 615]
[530, 564, 245, 615]
[245, 615, 619, 476]
[593, 245, 502, 615]
[531, 564, 245, 615]
[245, 615, 619, 477]
[594, 245, 502, 615]
[532, 564, 245, 615]
[245, 615, 619, 478]
[595, 245, 502, 615]
[564, 245, 533, 615]
[768, 245, 615, 330]
[245, 615, 619, 479]
[596, 245, 502, 615]
[564, 245, 534, 615]
[768, 245, 615, 331]
[480, 245, 615, 619]
[245, 597, 502, 615]
[564, 245, 535, 615]
[481, 245, 615, 619]
[245, 502, 598, 615]
[564, 245, 615, 536]
[482, 245, 615, 619]
[564, 245, 615, 537]
[483, 245, 615, 619]
[245, 502, 615, 600]
[564, 245, 615, 538]
[484, 245, 615, 619]
[245, 502, 615, 601]
[564, 245, 615, 539]
[245, 485, 615, 619]
[245, 502, 615, 602]
[564, 245, 615, 540]
[245, 486, 615, 619]
[245, 502, 615, 603]
[564, 245, 615, 541]
[768, 338, 245, 615]
[245, 487, 615, 619]
[245, 502, 615, 604]
[245, 502, 615, 605]
[245, 615, 489, 619]
[245, 502, 615, 606]
[544, 564, 245, 615]
[245, 615, 490, 619]
[545, 564, 245, 615]
[245, 615, 491, 619]
[608, 245, 502, 615]
[546, 564, 245, 615]
[245, 615, 619, 492]
[609, 245, 502, 615]
[245, 615, 619, 493]
[610, 245, 502, 615]
[548, 564, 245, 615]
[245, 615, 619, 494]
[611, 245, 502, 615]
[245, 615, 619, 495]
[612, 245, 502, 615]
[564, 245, 550, 615]
[496, 245, 615, 619]
[245, 613, 502, 615]
[564, 245, 551, 615]
[245, 502, 614, 615]
[564, 245, 615, 552]
[498, 245, 615, 619]
[564, 245, 615, 553]
[499, 245, 615, 619]
[245, 502, 615, 616]
[564, 245, 615, 554]
[500, 245, 615, 619]
[245, 502, 615, 617]
[245, 501, 615, 619]
[245, 502, 615, 618]
[564, 245, 615, 556]
[245, 502, 615, 619]
[564, 245, 615, 557]
[245, 502, 615, 620]
[245, 503, 615, 619]
[564, 245, 615, 558]
[245, 615, 504, 619]
[768, 356, 245, 615]
[245, 502, 615, 622]
[245, 615, 505, 619]
[560, 564, 245, 615]
[245, 502, 615, 623]
[561, 564, 245, 615]
[768, 245, 358, 615]
[624, 245, 502, 615]
[245, 615, 507, 619]
[562, 564, 245, 615]
[245, 615, 619, 508]
[563, 564, 245, 615]
[768, 245, 615, 360]
[626, 245, 502, 615]
[245, 615, 619, 509]
[627, 245, 502, 615]
[245, 615, 619, 510]
[564, 245, 565, 615]
[628, 245, 502, 615]
[245, 615, 619, 511]
[768, 245, 615, 363]
[245, 629, 502, 615]
[512, 245, 615, 619]
[564, 245, 615, 567]
[850, 245, 615, 282]
[245, 502, 630, 615]
[513, 245, 615, 619]
[564, 245, 615, 568]
[245, 502, 615, 631]
[514, 245, 615, 619]
[564, 245, 615, 569]
[245, 502, 615, 632]
[515, 245, 615, 619]
[768, 245, 615, 367]
[245, 502, 615, 633]
[516, 245, 615, 619]
[564, 245, 615, 571]
[245, 502, 615, 634]
[245, 517, 615, 619]
[564, 245, 615, 572]
[245, 502, 615, 635]
[245, 518, 615, 619]
[564, 245, 615, 573]
[768, 370, 245, 615]
[564, 245, 615, 574]
[768, 371, 245, 615]
[245, 502, 615, 637]
[245, 615, 520, 619]
[564, 245, 615, 575]
[768, 372, 245, 615]
[245, 502, 615, 638]
[245, 615, 521, 619]
[576, 564, 245, 615]
[245, 502, 615, 639]
[245, 615, 522, 619]
[577, 564, 245, 615]
[640, 245, 502, 615]
[245, 615, 523, 619]
[578, 564, 245, 615]
[641, 245, 502, 615]
[245, 615, 619, 524]
[579, 564, 245, 615]
[768, 245, 615, 376]
[642, 245, 502, 615]
[245, 615, 619, 525]
[564, 580, 245, 615]
[643, 245, 502, 615]
[245, 615, 619, 526]
[564, 245, 581, 615]
[644, 245, 502, 615]
[245, 615, 619, 527]
[564, 245, 582, 615]
[245, 645, 502, 615]
[528, 245, 615, 619]
[564, 245, 615, 583]
[529, 245, 615, 619]
[245, 502, 615, 647]
[530, 245, 615, 619]
[564, 245, 615, 585]
[768, 245, 615, 382]
[245, 502, 615, 648]
[531, 245, 615, 619]
[245, 502, 615, 649]
[532, 245, 615, 619]
[245, 870, 615, 282]
[384, 768, 245, 615]
[245, 502, 615, 650]
[245, 533, 615, 619]
[564, 245, 615, 588]
[245, 502, 615, 651]
[245, 534, 615, 619]
[564, 245, 615, 589]
[245, 502, 615, 652]
[245, 535, 615, 619]
[564, 245, 615, 590]
[245, 502, 615, 653]
[245, 615, 536, 619]
[564, 245, 615, 591]
[245, 615, 537, 619]
[592, 564, 245, 615]
[245, 502, 615, 655]
[245, 615, 538, 619]
[593, 564, 245, 615]
[656, 245, 502, 615]
[245, 615, 539, 619]
[594, 564, 245, 615]
[245, 615, 282, 877]
[768, 245, 391, 615]
[657, 245, 502, 615]
[245, 615, 619, 540]
[595, 564, 245, 615]
[658, 245, 502, 615]
[245, 615, 619, 541]
[564, 596, 245, 615]
[659, 245, 502, 615]
[564, 245, 597, 615]
[660, 245, 502, 615]
[564, 245, 598, 615]
[245, 661, 502, 615]
[544, 245, 615, 619]
[245, 502, 662, 615]
[545, 245, 615, 619]
[564, 245, 615, 600]
[245, 502, 615, 663]
[546, 245, 615, 619]
[564, 245, 615, 601]
[564, 245, 615, 602]
[768, 245, 615, 399]
[245, 502, 615, 665]
[548, 245, 615, 619]
[564, 245, 615, 603]
[245, 502, 615, 666]
[564, 245, 615, 604]
[245, 550, 615, 619]
[564, 245, 615, 605]
[768, 402, 245, 615]
[245, 551, 615, 619]
[564, 245, 615, 606]
[245, 615, 552, 619]
[245, 502, 615, 670]
[245, 615, 553, 619]
[608, 564, 245, 615]
[245, 502, 615, 671]
[245, 615, 554, 619]
[609, 564, 245, 615]
[672, 245, 502, 615]
[610, 564, 245, 615]
[673, 245, 502, 615]
[245, 615, 619, 556]
[611, 564, 245, 615]
[674, 245, 502, 615]
[245, 615, 619, 557]
[564, 612, 245, 615]
[675, 245, 502, 615]
[245, 615, 619, 558]
[564, 245, 613, 615]
[676, 245, 502, 615]
[564, 245, 614, 615]
[245, 677, 502, 615]
[560, 245, 615, 619]
[245, 502, 678, 615]
[561, 245, 615, 619]
[564, 245, 615, 616]
[245, 502, 615, 679]
[562, 245, 615, 619]
[564, 245, 615, 617]
[245, 502, 615, 680]
[563, 245, 615, 619]
[564, 245, 615, 618]
[245, 502, 615, 681]
[564, 245, 615, 619]
[245, 502, 615, 682]
[564, 245, 615, 620]
[245, 565, 615, 619]
[245, 502, 615, 683]
[768, 418, 245, 615]
[245, 502, 615, 684]
[564, 245, 615, 622]
[245, 567, 615, 619]
[245, 502, 615, 685]
[564, 245, 615, 623]
[245, 615, 568, 619]
[245, 502, 615, 686]
[624, 564, 245, 615]
[245, 615, 569, 619]
[245, 502, 615, 687]
[688, 245, 502, 615]
[626, 564, 245, 615]
[245, 615, 571, 619]
[689, 245, 502, 615]
[627, 564, 245, 615]
[245, 615, 619, 572]
[690, 245, 502, 615]
[564, 628, 245, 615]
[245, 615, 619, 573]
[691, 245, 502, 615]
[564, 245, 629, 615]
[245, 615, 619, 574]
[768, 245, 615, 426]
[692, 245, 502, 615]
[564, 245, 630, 615]
[245, 615, 619, 575]
[245, 693, 502, 615]
[564, 245, 615, 631]
[576, 245, 615, 619]
[245, 502, 694, 615]
[564, 245, 615, 632]
[577, 245, 615, 619]
[245, 502, 615, 695]
[564, 245, 615, 633]
[578, 245, 615, 619]
[245, 502, 615, 696]
[564, 245, 615, 634]
[579, 245, 615, 619]
[768, 245, 615, 431]
[245, 502, 615, 697]
[564, 245, 615, 635]
[580, 245, 615, 619]
[245, 502, 615, 698]
[245, 581, 615, 619]
[245, 502, 615, 699]
[564, 245, 615, 637]
[245, 582, 615, 619]
[564, 245, 615, 638]
[245, 583, 615, 619]
[768, 435, 245, 615]
[245, 502, 615, 701]
[564, 245, 615, 639]
[245, 502, 615, 702]
[640, 564, 245, 615]
[245, 615, 585, 619]
[768, 245, 437, 615]
[245, 502, 615, 703]
[641, 564, 245, 615]
[704, 245, 502, 615]
[642, 564, 245, 615]
[768, 245, 439, 615]
[705, 245, 502, 615]
[643, 564, 245, 615]
[245, 615, 619, 588]
[706, 245, 502, 615]
[564, 644, 245, 615]
[245, 615, 619, 589]
[768, 245, 615, 441]
[707, 245, 502, 615]
[564, 245, 645, 615]
[245, 615, 619, 590]
[850, 245, 615, 360]
[768, 245, 615, 442]
[708, 245, 502, 615]
[245, 615, 619, 591]
[245, 709, 502, 615]
[564, 245, 615, 647]
[592, 245, 615, 619]
[768, 245, 615, 444]
[245, 502, 710, 615]
[564, 245, 615, 648]
[593, 245, 615, 619]
[245, 502, 615, 711]
[564, 245, 615, 649]
[594, 245, 615, 619]
[245, 502, 615, 712]
[564, 245, 615, 650]
[595, 245, 615, 619]
[245, 502, 615, 713]
[564, 245, 615, 651]
[596, 245, 615, 619]
[245, 502, 615, 714]
[564, 245, 615, 652]
[245, 597, 615, 619]
[245, 502, 615, 715]
[564, 245, 615, 653]
[245, 598, 615, 619]
[245, 502, 615, 716]
[768, 451, 245, 615]
[564, 245, 615, 655]
[245, 615, 600, 619]
[768, 452, 245, 615]
[245, 502, 615, 718]
[656, 564, 245, 615]
[245, 615, 601, 619]
[245, 502, 615, 719]
[657, 564, 245, 615]
[245, 615, 602, 619]
[768, 245, 454, 615]
[720, 245, 502, 615]
[658, 564, 245, 615]
[245, 615, 603, 619]
[721, 245, 502, 615]
[659, 564, 245, 615]
[245, 615, 619, 604]
[722, 245, 502, 615]
[564, 660, 245, 615]
[245, 615, 619, 605]
[723, 245, 502, 615]
[564, 245, 661, 615]
[245, 615, 619, 606]
[724, 245, 502, 615]
[564, 245, 662, 615]
[245, 725, 502, 615]
[564, 245, 615, 663]
[608, 245, 615, 619]
[245, 502, 726, 615]
[609, 245, 615, 619]
[564, 245, 615, 665]
[610, 245, 615, 619]
[768, 245, 615, 462]
[564, 245, 615, 666]
[611, 245, 615, 619]
[245, 502, 615, 729]
[612, 245, 615, 619]
[245, 502, 615, 730]
[245, 613, 615, 619]
[245, 615, 951, 282]
[768, 465, 245, 615]
[245, 502, 615, 731]
[245, 614, 615, 619]
[768, 466, 245, 615]
[245, 502, 615, 732]
[564, 245, 615, 670]
[245, 502, 615, 733]
[564, 245, 615, 671]
[245, 615, 616, 619]
[245, 502, 615, 734]
[672, 564, 245, 615]
[245, 615, 617, 619]
[245, 502, 615, 735]
[673, 564, 245, 615]
[245, 615, 618, 619]
[736, 245, 502, 615]
[674, 564, 245, 615]
[675, 564, 245, 615]
[245, 615, 619, 620]
[738, 245, 502, 615]
[564, 676, 245, 615]
[245, 615, 282, 959]
[768, 245, 615, 473]
[739, 245, 502, 615]
[564, 245, 677, 615]
[245, 615, 619, 622]
[740, 245, 502, 615]
[564, 245, 678, 615]
[245, 615, 619, 623]
[245, 741, 502, 615]
[564, 245, 615, 679]
[624, 245, 615, 619]
[768, 245, 615, 476]
[245, 502, 742, 615]
[564, 245, 615, 680]
[245, 502, 615, 743]
[564, 245, 615, 681]
[626, 245, 615, 619]
[245, 502, 615, 744]
[564, 245, 615, 682]
[627, 245, 615, 619]
[768, 245, 615, 479]
[245, 502, 615, 745]
[564, 245, 615, 683]
[628, 245, 615, 619]
[245, 502, 615, 746]
[564, 245, 615, 684]
[245, 629, 615, 619]
[564, 245, 615, 685]
[245, 630, 615, 619]
[768, 482, 245, 615]
[564, 245, 615, 686]
[245, 615, 631, 619]
[245, 502, 615, 749]
[564, 245, 615, 687]
[245, 615, 632, 619]
[245, 502, 615, 750]
[688, 564, 245, 615]
[245, 615, 633, 619]
[245, 502, 615, 751]
[689, 564, 245, 615]
[245, 615, 634, 619]
[752, 245, 502, 615]
[690, 564, 245, 615]
[245, 615, 619, 635]
[753, 245, 502, 615]
[691, 564, 245, 615]
[564, 692, 245, 615]
[245, 615, 619, 637]
[755, 245, 502, 615]
[564, 245, 693, 615]
[245, 615, 619, 638]
[564, 245, 694, 615]
[245, 615, 619, 639]
[768, 245, 615, 491]
[245, 757, 502, 615]
[564, 245, 615, 695]
[640, 245, 615, 619]
[245, 502, 758, 615]
[564, 245, 615, 696]
[641, 245, 615, 619]
[245, 502, 615, 759]
[564, 245, 615, 697]
[642, 245, 615, 619]
[245, 502, 615, 760]
[564, 245, 615, 698]
[643, 245, 615, 619]
[768, 245, 615, 495]
[564, 245, 615, 699]
[644, 245, 615, 619]
[245, 502, 615, 762]
[245, 645, 615, 619]
[245, 502, 615, 763]
[564, 245, 615, 701]
[768, 498, 245, 615]
[245, 502, 615, 764]
[564, 245, 615, 702]
[245, 615, 647, 619]
[245, 502, 615, 765]
[564, 245, 615, 703]
[245, 615, 648, 619]
[245, 502, 615, 766]
[704, 564, 245, 615]
[245, 615, 649, 619]
[768, 245, 501, 615]
[245, 502, 615, 767]
[705, 564, 245, 615]
[245, 615, 650, 619]
[768, 245, 502, 615]
[706, 564, 245, 615]
[245, 615, 619, 651]
[769, 245, 502, 615]
[768, 245, 503, 615]
[707, 564, 245, 615]
[245, 615, 619, 652]
[564, 708, 245, 615]
[245, 615, 619, 653]
[771, 245, 502, 615]
[564, 245, 709, 615]
[564, 245, 710, 615]
[245, 615, 619, 655]
[245, 773, 502, 615]
[564, 245, 615, 711]
[656, 245, 615, 619]
[994, 245, 615, 282]
[245, 502, 774, 615]
[768, 245, 615, 508]
[564, 245, 615, 712]
[657, 245, 615, 619]
[245, 502, 615, 775]
[564, 245, 615, 713]
[658, 245, 615, 619]
[245, 502, 615, 776]
[564, 245, 615, 714]
[659, 245, 615, 619]
[245, 502, 615, 777]
[564, 245, 615, 715]
[660, 245, 615, 619]
[245, 502, 615, 778]
[564, 245, 615, 716]
[245, 661, 615, 619]
[245, 502, 615, 779]
[245, 662, 615, 619]
[245, 502, 615, 780]
[564, 245, 615, 718]
[245, 615, 663, 619]
[245, 502, 615, 781]
[564, 245, 615, 719]
[245, 502, 615, 782]
[720, 564, 245, 615]
[245, 615, 665, 619]
[245, 502, 615, 783]
[721, 564, 245, 615]
[245, 615, 666, 619]
[784, 245, 502, 615]
[722, 564, 245, 615]
[785, 245, 502, 615]
[723, 564, 245, 615]
[564, 724, 245, 615]
[787, 245, 502, 615]
[564, 245, 725, 615]
[245, 615, 619, 670]
[788, 245, 502, 615]
[564, 245, 726, 615]
[245, 615, 619, 671]
[245, 789, 502, 615]
[672, 245, 615, 619]
[245, 502, 790, 615]
[673, 245, 615, 619]
[564, 245, 615, 729]
[674, 245, 615, 619]
[245, 502, 615, 792]
[564, 245, 615, 730]
[675, 245, 615, 619]
[245, 502, 615, 793]
[564, 245, 615, 731]
[676, 245, 615, 619]
[245, 502, 615, 794]
[564, 245, 615, 732]
[245, 677, 615, 619]
[245, 502, 615, 795]
[564, 245, 615, 733]
[245, 678, 615, 619]
[564, 245, 615, 734]
[245, 615, 679, 619]
[245, 502, 615, 797]
[564, 245, 615, 735]
[245, 615, 680, 619]
[245, 502, 615, 798]
[768, 532, 245, 615]
[736, 564, 245, 615]
[245, 615, 681, 619]
[245, 502, 615, 799]
[245, 615, 682, 619]
[800, 245, 502, 615]
[738, 564, 245, 615]
[245, 615, 619, 683]
[801, 245, 502, 615]
[768, 245, 535, 615]
[739, 564, 245, 615]
[245, 615, 619, 684]
[802, 245, 502, 615]
[768, 245, 615, 536]
[564, 740, 245, 615]
[245, 615, 619, 685]
[803, 245, 502, 615]
[768, 245, 615, 537]
[564, 245, 741, 615]
[245, 615, 619, 686]
[804, 245, 502, 615]
[564, 245, 742, 615]
[245, 615, 619, 687]
[245, 805, 502, 615]
[564, 245, 615, 743]
[688, 245, 615, 619]
[245, 502, 806, 615]
[564, 245, 615, 744]
[689, 245, 615, 619]
[245, 502, 615, 807]
[564, 245, 615, 745]
[690, 245, 615, 619]
[564, 245, 615, 746]
[691, 245, 615, 619]
[245, 502, 615, 809]
[692, 245, 615, 619]
[245, 502, 615, 810]
[245, 693, 615, 619]
[245, 502, 615, 811]
[768, 545, 245, 615]
[564, 245, 615, 749]
[245, 694, 615, 619]
[245, 502, 615, 812]
[564, 245, 615, 750]
[245, 615, 695, 619]
[245, 502, 615, 813]
[564, 245, 615, 751]
[245, 615, 696, 619]
[245, 502, 615, 814]
[752, 564, 245, 615]
[245, 615, 697, 619]
[245, 502, 615, 815]
[753, 564, 245, 615]
[245, 615, 698, 619]
[245, 615, 619, 699]
[817, 245, 502, 615]
[768, 245, 551, 615]
[755, 564, 245, 615]
[818, 245, 502, 615]
[768, 245, 615, 552]
[245, 615, 619, 701]
[819, 245, 502, 615]
[768, 245, 615, 553]
[564, 245, 757, 615]
[245, 615, 619, 702]
[820, 245, 502, 615]
[564, 245, 758, 615]
[245, 615, 619, 703]
[245, 821, 502, 615]
[564, 245, 615, 759]
[704, 245, 615, 619]
[245, 502, 822, 615]
[768, 245, 615, 556]
[564, 245, 615, 760]
[705, 245, 615, 619]
[245, 502, 615, 823]
[706, 245, 615, 619]
[245, 502, 615, 824]
[564, 245, 615, 762]
[707, 245, 615, 619]
[245, 502, 615, 825]
[564, 245, 615, 763]
[708, 245, 615, 619]
[245, 502, 615, 826]
[560, 768, 245, 615]
[564, 245, 615, 764]
[245, 709, 615, 619]
[245, 502, 615, 827]
[564, 245, 615, 765]
[245, 710, 615, 619]
[245, 502, 615, 828]
[564, 245, 615, 766]
[245, 615, 711, 619]
[245, 502, 615, 829]
[564, 245, 615, 767]
[245, 615, 712, 619]
[245, 502, 615, 830]
[768, 564, 245, 615]
[245, 615, 713, 619]
[245, 502, 615, 831]
[769, 564, 245, 615]
[245, 615, 714, 619]
[832, 245, 502, 615]
[245, 615, 619, 715]
[833, 245, 502, 615]
[771, 564, 245, 615]
[245, 615, 619, 716]
[834, 245, 502, 615]
[835, 245, 502, 615]
[564, 245, 773, 615]
[245, 615, 619, 718]
[564, 245, 774, 615]
[245, 615, 619, 719]
[245, 837, 502, 615]
[564, 245, 615, 775]
[720, 245, 615, 619]
[245, 502, 838, 615]
[564, 245, 615, 776]
[721, 245, 615, 619]
[245, 502, 615, 839]
[564, 245, 615, 777]
[722, 245, 615, 619]
[245, 502, 615, 840]
[564, 245, 615, 778]
[723, 245, 615, 619]
[245, 502, 615, 841]
[564, 245, 615, 779]
[768, 245, 615, 575]
[724, 245, 615, 619]
[245, 502, 615, 842]
[564, 245, 615, 780]
[245, 725, 615, 619]
[245, 502, 615, 843]
[564, 245, 615, 781]
[245, 726, 615, 619]
[245, 502, 615, 844]
[564, 245, 615, 782]
[245, 502, 615, 845]
[564, 245, 615, 783]
[245, 502, 615, 846]
[784, 564, 245, 615]
[245, 615, 729, 619]
[245, 502, 615, 847]
[785, 564, 245, 615]
[245, 615, 730, 619]
[768, 245, 582, 615]
[245, 615, 619, 731]
[849, 245, 502, 615]
[787, 564, 245, 615]
[245, 615, 619, 732]
[850, 245, 502, 615]
[564, 788, 245, 615]
[245, 615, 619, 733]
[851, 245, 502, 615]
[564, 245, 789, 615]
[245, 615, 619, 734]
[852, 245, 502, 615]
[564, 245, 790, 615]
[245, 615, 619, 735]
[245, 853, 502, 615]
[736, 245, 615, 619]
[245, 502, 854, 615]
[564, 245, 615, 792]
[245, 502, 615, 855]
[564, 245, 615, 793]
[768, 245, 615, 589]
[738, 245, 615, 619]
[245, 502, 615, 856]
[564, 245, 615, 794]
[739, 245, 615, 619]
[245, 502, 615, 857]
[564, 245, 615, 795]
[740, 245, 615, 619]
[245, 502, 615, 858]
[592, 768, 245, 615]
[245, 741, 615, 619]
[245, 502, 615, 859]
[564, 245, 615, 797]
[245, 742, 615, 619]
[245, 502, 615, 860]
[564, 245, 615, 798]
[245, 615, 743, 619]
[564, 245, 615, 799]
[245, 615, 744, 619]
[245, 502, 615, 862]
[800, 564, 245, 615]
[768, 596, 245, 615]
[245, 615, 745, 619]
[801, 564, 245, 615]
[245, 615, 746, 619]
[864, 245, 502, 615]
[802, 564, 245, 615]
[865, 245, 502, 615]
[803, 564, 245, 615]
[866, 245, 502, 615]
[564, 804, 245, 615]
[245, 615, 619, 749]
[867, 245, 502, 615]
[564, 245, 805, 615]
[768, 245, 615, 601]
[245, 615, 619, 750]
[868, 245, 502, 615]
[564, 245, 806, 615]
[245, 615, 619, 751]
[245, 869, 502, 615]
[564, 245, 615, 807]
[752, 245, 615, 619]
[245, 502, 870, 615]
[753, 245, 615, 619]
[245, 502, 615, 871]
[564, 245, 615, 809]
[245, 502, 615, 872]
[564, 245, 615, 810]
[755, 245, 615, 619]
[564, 245, 615, 811]
[245, 502, 615, 874]
[564, 245, 615, 812]
[245, 757, 615, 619]
[564, 245, 615, 813]
[768, 609, 245, 615]
[245, 758, 615, 619]
[245, 502, 615, 876]
[564, 245, 615, 814]
[245, 615, 759, 619]
[245, 502, 615, 877]
[564, 245, 615, 815]
[245, 615, 760, 619]
[245, 502, 615, 878]
[245, 502, 615, 879]
[817, 564, 245, 615]
[768, 245, 613, 615]
[245, 615, 762, 619]
[880, 245, 502, 615]
[818, 564, 245, 615]
[245, 615, 619, 763]
[881, 245, 502, 615]
[819, 564, 245, 615]
[245, 615, 619, 764]
[882, 245, 502, 615]
[564, 820, 245, 615]
[245, 615, 619, 765]
[883, 245, 502, 615]
[564, 245, 821, 615]
[245, 615, 619, 766]
[884, 245, 502, 615]
[564, 245, 822, 615]
[245, 615, 619, 767]
[245, 885, 502, 615]
[564, 245, 615, 823]
[768, 245, 615, 619]
[245, 502, 886, 615]
[564, 245, 615, 824]
[769, 245, 615, 619]
[245, 502, 615, 887]
[564, 245, 615, 825]
[245, 502, 615, 888]
[564, 245, 615, 826]
[771, 245, 615, 619]
[245, 502, 615, 889]
[564, 245, 615, 827]
[245, 502, 615, 890]
[564, 245, 615, 828]
[245, 773, 615, 619]
[245, 502, 615, 891]
[564, 245, 615, 829]
[245, 774, 615, 619]
[245, 502, 615, 892]
[564, 245, 615, 830]
[245, 615, 775, 619]
[245, 502, 615, 893]
[564, 245, 615, 831]
[245, 615, 776, 619]
[768, 627, 245, 615]
[245, 502, 615, 894]
[832, 564, 245, 615]
[245, 615, 777, 619]
[245, 502, 615, 895]
[833, 564, 245, 615]
[245, 615, 778, 619]
[896, 245, 502, 615]
[834, 564, 245, 615]
[245, 615, 619, 779]
[897, 245, 502, 615]
[835, 564, 245, 615]
[245, 615, 619, 780]
[898, 245, 502, 615]
[245, 615, 619, 781]
[899, 245, 502, 615]
[564, 245, 837, 615]
[245, 615, 619, 782]
[900, 245, 502, 615]
[564, 245, 838, 615]
[245, 615, 619, 783]
[245, 901, 502, 615]
[564, 245, 615, 839]
[784, 245, 615, 619]
[768, 245, 615, 635]
[245, 502, 902, 615]
[564, 245, 615, 840]
[785, 245, 615, 619]
[245, 502, 615, 903]
[564, 245, 615, 841]
[768, 245, 615, 637]
[245, 502, 615, 904]
[564, 245, 615, 842]
[787, 245, 615, 619]
[245, 502, 615, 905]
[564, 245, 615, 843]
[788, 245, 615, 619]
[245, 502, 615, 906]
[564, 245, 615, 844]
[245, 789, 615, 619]
[564, 245, 615, 845]
[245, 790, 615, 619]
[564, 245, 615, 846]
[245, 502, 615, 909]
[564, 245, 615, 847]
[245, 615, 792, 619]
[768, 643, 245, 615]
[245, 502, 615, 910]
[245, 615, 793, 619]
[768, 644, 245, 615]
[245, 502, 615, 911]
[849, 564, 245, 615]
[245, 615, 794, 619]
[912, 245, 502, 615]
[850, 564, 245, 615]
[245, 615, 619, 795]
[913, 245, 502, 615]
[851, 564, 245, 615]
[914, 245, 502, 615]
[564, 852, 245, 615]
[245, 615, 619, 797]
[915, 245, 502, 615]
[564, 245, 853, 615]
[245, 615, 619, 798]
[916, 245, 502, 615]
[564, 245, 854, 615]
[245, 615, 619, 799]
[768, 245, 615, 650]
[245, 917, 502, 615]
[564, 245, 615, 855]
[800, 245, 615, 619]
[245, 502, 918, 615]
[564, 245, 615, 856]
[801, 245, 615, 619]
[768, 245, 615, 652]
[245, 502, 615, 919]
[564, 245, 615, 857]
[802, 245, 615, 619]
[245, 502, 615, 920]
[564, 245, 615, 858]
[803, 245, 615, 619]
[245, 502, 615, 921]
[564, 245, 615, 859]
[804, 245, 615, 619]
[245, 502, 615, 922]
[564, 245, 615, 860]
[245, 805, 615, 619]
[656, 768, 245, 615]
[245, 502, 615, 923]
[245, 806, 615, 619]
[564, 245, 615, 862]
[245, 615, 807, 619]
[245, 502, 615, 925]
[245, 502, 615, 926]
[864, 564, 245, 615]
[245, 615, 809, 619]
[245, 502, 615, 927]
[865, 564, 245, 615]
[245, 615, 810, 619]
[928, 245, 502, 615]
[866, 564, 245, 615]
[245, 615, 619, 811]
[768, 245, 662, 615]
[867, 564, 245, 615]
[245, 615, 619, 812]
[930, 245, 502, 615]
[564, 868, 245, 615]
[245, 615, 619, 813]
[931, 245, 502, 615]
[564, 245, 869, 615]
[245, 615, 619, 814]
[932, 245, 502, 615]
[564, 245, 870, 615]
[245, 615, 619, 815]
[768, 245, 615, 666]
[245, 933, 502, 615]
[564, 245, 615, 871]
[245, 502, 934, 615]
[564, 245, 615, 872]
[817, 245, 615, 619]
[245, 502, 615, 935]
[818, 245, 615, 619]
[245, 502, 615, 936]
[564, 245, 615, 874]
[819, 245, 615, 619]
[768, 245, 615, 670]
[245, 502, 615, 937]
[820, 245, 615, 619]
[245, 502, 615, 938]
[564, 245, 615, 876]
[245, 821, 615, 619]
[245, 502, 615, 939]
[564, 245, 615, 877]
[245, 822, 615, 619]
[245, 502, 615, 940]
[564, 245, 615, 878]
[245, 615, 823, 619]
[245, 502, 615, 941]
[564, 245, 615, 879]
[245, 615, 824, 619]
[245, 502, 615, 942]
[880, 564, 245, 615]
[245, 615, 825, 619]
[245, 502, 615, 943]
[881, 564, 245, 615]
[245, 615, 826, 619]
[944, 245, 502, 615]
[882, 564, 245, 615]
[245, 615, 619, 827]
[945, 245, 502, 615]
[883, 564, 245, 615]
[245, 615, 619, 828]
[768, 245, 615, 679]
[946, 245, 502, 615]
[564, 884, 245, 615]
[245, 615, 619, 829]
[768, 245, 615, 680]
[947, 245, 502, 615]
[564, 245, 885, 615]
[245, 615, 619, 830]
[768, 245, 615, 681]
[948, 245, 502, 615]
[564, 245, 886, 615]
[245, 615, 619, 831]
[245, 949, 502, 615]
[564, 245, 615, 887]
[832, 245, 615, 619]
[768, 245, 615, 683]
[245, 502, 950, 615]
[564, 245, 615, 888]
[833, 245, 615, 619]
[245, 502, 615, 951]
[564, 245, 615, 889]
[834, 245, 615, 619]
[768, 245, 615, 685]
[245, 502, 615, 952]
[564, 245, 615, 890]
[835, 245, 615, 619]
[245, 502, 615, 953]
[564, 245, 615, 891]
[245, 502, 615, 954]
[564, 245, 615, 892]
[245, 837, 615, 619]
[564, 245, 615, 893]
[245, 838, 615, 619]
[245, 502, 615, 956]
[564, 245, 615, 894]
[245, 615, 839, 619]
[564, 245, 615, 895]
[245, 615, 840, 619]
[245, 502, 615, 958]
[896, 564, 245, 615]
[245, 615, 841, 619]
[245, 502, 615, 959]
[897, 564, 245, 615]
[245, 615, 842, 619]
[768, 245, 693, 615]
[960, 245, 502, 615]
[898, 564, 245, 615]
[245, 615, 619, 843]
[961, 245, 502, 615]
[899, 564, 245, 615]
[245, 615, 619, 844]
[564, 900, 245, 615]
[245, 615, 619, 845]
[768, 245, 615, 696]
[564, 245, 615, 282, 619]
[963, 245, 502, 615]
[564, 245, 901, 615]
[245, 615, 619, 846]
[768, 245, 615, 697]
[964, 245, 502, 615]
[564, 245, 902, 615]
[245, 615, 619, 847]
[768, 245, 615, 698]
[245, 965, 502, 615]
[564, 245, 615, 903]
[768, 245, 615, 699]
[245, 502, 966, 615]
[564, 245, 615, 904]
[849, 245, 615, 619]
[850, 245, 615, 619]
[245, 502, 615, 967]
[564, 245, 615, 905]
[564, 245, 615, 906]
[851, 245, 615, 619]
[768, 245, 615, 702]
[245, 502, 615, 969]
[852, 245, 615, 619]
[245, 502, 615, 970]
[245, 853, 615, 619]
[564, 245, 615, 909]
[245, 854, 615, 619]
[245, 502, 615, 972]
[564, 245, 615, 910]
[245, 615, 855, 619]
[245, 502, 615, 973]
[564, 245, 615, 911]
[245, 615, 856, 619]
[912, 564, 245, 615]
[245, 615, 857, 619]
[245, 502, 615, 975]
[913, 564, 245, 615]
[245, 615, 858, 619]
[914, 564, 245, 615]
[245, 615, 619, 859]
[977, 245, 502, 615]
[915, 564, 245, 615]
[245, 615, 619, 860]
[978, 245, 502, 615]
[564, 916, 245, 615]
[979, 245, 502, 615]
[564, 245, 917, 615]
[245, 615, 619, 862]
[980, 245, 502, 615]
[564, 245, 918, 615]
[768, 245, 615, 714]
[245, 981, 502, 615]
[564, 245, 615, 919]
[864, 245, 615, 619]
[768, 245, 615, 715]
[245, 502, 982, 615]
[564, 245, 615, 920]
[865, 245, 615, 619]
[245, 502, 615, 983]
[564, 245, 615, 921]
[866, 245, 615, 619]
[245, 502, 615, 984]
[564, 245, 615, 922]
[867, 245, 615, 619]
[245, 502, 615, 985]
[564, 245, 615, 923]
[868, 245, 615, 619]
[245, 502, 615, 986]
[245, 869, 615, 619]
[564, 245, 615, 925]
[245, 870, 615, 619]
[245, 502, 615, 988]
[564, 245, 615, 926]
[245, 615, 871, 619]
[245, 502, 615, 989]
[564, 245, 615, 927]
[245, 615, 872, 619]
[245, 502, 615, 990]
[928, 564, 245, 615]
[768, 724, 245, 615]
[245, 502, 615, 991]
[245, 615, 874, 619]
[768, 245, 725, 615]
[992, 245, 502, 615]
[930, 564, 245, 615]
[768, 245, 726, 615]
[931, 564, 245, 615]
[245, 615, 619, 876]
[994, 245, 502, 615]
[564, 932, 245, 615]
[245, 615, 619, 877]
[995, 245, 502, 615]
[564, 245, 933, 615]
[245, 615, 619, 878]
[768, 245, 615, 729]
[564, 245, 934, 615]
[245, 615, 619, 879]
[245, 997, 502, 615]
[564, 245, 615, 935]
[880, 245, 615, 619]
[245, 502, 998, 615]
[564, 245, 615, 936]
[881, 245, 615, 619]
[245, 502, 615, 999]
[564, 245, 615, 937]
[882, 245, 615, 619]
[564, 245, 615, 938]
[883, 245, 615, 619]
[768, 245, 615, 734]
[564, 245, 615, 939]
[884, 245, 615, 619]
[564, 245, 615, 940]
[245, 885, 615, 619]
[564, 245, 615, 941]
[245, 886, 615, 619]
[564, 245, 615, 942]
[245, 615, 887, 619]
[564, 245, 615, 943]
[245, 615, 888, 619]
[768, 739, 245, 615]
[944, 564, 245, 615]
[245, 615, 889, 619]
[945, 564, 245, 615]
[245, 615, 890, 619]
[768, 245, 741, 615]
[946, 564, 245, 615]
[245, 615, 619, 891]
[947, 564, 245, 615]
[245, 615, 619, 892]
[768, 245, 615, 743]
[564, 948, 245, 615]
[245, 615, 619, 893]
[564, 245, 949, 615]
[245, 615, 619, 894]
[564, 245, 950, 615]
[245, 615, 619, 895]
[564, 245, 615, 951]
[896, 245, 615, 619]
[564, 245, 615, 952]
[897, 245, 615, 619]
[564, 245, 615, 953]
[898, 245, 615, 619]
[564, 245, 615, 954]
[899, 245, 615, 619]
[900, 245, 615, 619]
[768, 245, 615, 751]
[564, 245, 615, 956]
[245, 901, 615, 619]
[245, 902, 615, 619]
[564, 245, 615, 958]
[245, 615, 903, 619]
[564, 245, 615, 959]
[245, 615, 904, 619]
[768, 755, 245, 615]
[960, 564, 245, 615]
[245, 615, 905, 619]
[961, 564, 245, 615]
[245, 615, 906, 619]
[768, 245, 757, 615]
[963, 564, 245, 615]
[564, 964, 245, 615]
[245, 615, 619, 909]
[564, 245, 965, 615]
[245, 615, 619, 910]
[564, 245, 966, 615]
[245, 615, 619, 911]
[564, 245, 615, 967]
[912, 245, 615, 619]
[913, 245, 615, 619]
[564, 245, 615, 969]
[914, 245, 615, 619]
[564, 245, 615, 970]
[915, 245, 615, 619]
[916, 245, 615, 619]
[768, 245, 615, 767]
[564, 245, 615, 972]
[245, 917, 615, 619]
[564, 245, 615, 973]
[245, 918, 615, 619]
[245, 615, 919, 619]
[564, 245, 615, 975]
[245, 615, 920, 619]
[245, 615, 921, 619]
[977, 564, 245, 615]
[245, 615, 922, 619]
[768, 245, 773, 615]
[978, 564, 245, 615]
[245, 615, 619, 923]
[979, 564, 245, 615]
[564, 980, 245, 615]
[245, 615, 619, 925]
[768, 245, 615, 776]
[564, 245, 981, 615]
[245, 615, 619, 926]
[564, 245, 982, 615]
[245, 615, 619, 927]
[564, 245, 615, 983]
[928, 245, 615, 619]
[768, 245, 615, 779]
[564, 245, 615, 984]
[564, 245, 615, 985]
[930, 245, 615, 619]
[564, 245, 615, 986]
[931, 245, 615, 619]
[932, 245, 615, 619]
[564, 245, 615, 988]
[245, 933, 615, 619]
[564, 245, 615, 989]
[245, 934, 615, 619]
[564, 245, 615, 990]
[245, 615, 935, 619]
[564, 245, 615, 991]
[245, 615, 936, 619]
[768, 787, 245, 615]
[992, 564, 245, 615]
[245, 615, 937, 619]
[245, 615, 938, 619]
[994, 564, 245, 615]
[245, 615, 619, 939]
[995, 564, 245, 615]
[245, 615, 619, 940]
[245, 615, 619, 941]
[564, 245, 997, 615]
[245, 615, 619, 942]
[564, 245, 998, 615]
[245, 615, 619, 943]
[564, 245, 615, 999]
[944, 245, 615, 619]
[945, 245, 615, 619]
[946, 245, 615, 619]
[947, 245, 615, 619]
[948, 245, 615, 619]
[768, 245, 615, 799]
[245, 949, 615, 619]
[245, 950, 615, 619]
[245, 615, 951, 619]
[768, 802, 245, 615]
[245, 615, 952, 619]
[245, 615, 953, 619]
[245, 615, 954, 619]
[768, 245, 806, 615]
[245, 615, 619, 956]
[768, 245, 615, 807]
[245, 615, 619, 958]
[245, 615, 619, 959]
[960, 245, 615, 619]
[768, 245, 615, 811]
[961, 245, 615, 619]
[963, 245, 615, 619]
[964, 245, 615, 619]
[245, 965, 615, 619]
[245, 966, 615, 619]
[768, 817, 245, 615]
[245, 615, 967, 619]
[768, 818, 245, 615]
[245, 615, 969, 619]
[245, 615, 970, 619]
[768, 245, 821, 615]
[768, 245, 822, 615]
[245, 615, 619, 972]
[245, 615, 619, 973]
[245, 615, 619, 975]
[768, 245, 615, 827]
[977, 245, 615, 619]
[978, 245, 615, 619]
[979, 245, 615, 619]
[980, 245, 615, 619]
[245, 981, 615, 619]
[245, 982, 615, 619]
[245, 615, 983, 619]
[245, 615, 984, 619]
[245, 615, 985, 619]
[245, 615, 986, 619]
[245, 615, 619, 988]
[245, 615, 619, 989]
[245, 615, 619, 990]
[245, 615, 619, 991]
[992, 245, 615, 619]
[994, 245, 615, 619]
[995, 245, 615, 619]
[768, 245, 615, 847]
[245, 997, 615, 619]
[245, 998, 615, 619]
[245, 615, 999, 619]
[768, 850, 245, 615]
[768, 245, 615, 856]
[768, 864, 245, 615]
[768, 865, 245, 615]
[768, 866, 245, 615]
[768, 245, 869, 615]
[768, 245, 870, 615]
[768, 245, 615, 872]
[768, 245, 615, 877]
[768, 880, 245, 615]
[768, 881, 245, 615]
[768, 882, 245, 615]
[768, 245, 615, 889]
[768, 245, 615, 891]
[768, 245, 615, 892]
[768, 245, 615, 894]
[768, 898, 245, 615]
[768, 245, 901, 615]
[768, 245, 902, 615]
[768, 245, 615, 904]
[768, 915, 245, 615]
[768, 916, 245, 615]
[564, 245, 502, 615, 619]
[768, 245, 917, 615]
[768, 245, 615, 927]
[768, 930, 245, 615]
[768, 931, 245, 615]
[768, 245, 615, 936]
[768, 245, 615, 939]
[768, 245, 615, 951]
[850, 245, 870, 615]
[768, 245, 615, 954]
[768, 245, 615, 959]
[768, 245, 965, 615]
[768, 977, 245, 615]
[768, 979, 245, 615]
[768, 245, 615, 985]
[768, 245, 615, 986]
[768, 245, 615, 990]
[768, 994, 245, 615]
[768, 245, 997, 615]
[768, 245, 615, 999]
[768, 564, 245, 502, 615]
[768, 245, 502, 615, 619]
[768, 564, 245, 615, 619]
