Running time: 215650 ms
Maximum memory usage : 366.31480407714844 mb
Itemset count: 1923
Transaction count: 40000
minPro: 0.6
minSup: 0.02
PMFIs:
[0]
[1]
[2]
[3]
[4]
[5]
[6]
[7]
[8]
[9]
[10]
[11]
[12]
[13]
[14]
[15]
[16]
[17]
[18]
[19]
[20]
[21]
[22]
[23]
[24]
[25]
[26]
[27]
[28]
[29]
[31]
[32]
[33]
[34]
[35]
[36]
[37]
[38]
[39]
[40]
[41]
[42]
[43]
[44]
[45]
[46]
[48]
[49]
[50]
[51]
[52]
[53]
[54]
[55]
[56]
[57]
[58]
[59]
[60]
[61]
[62]
[64]
[65]
[66]
[67]
[68]
[69]
[70]
[71]
[72]
[73]
[74]
[75]
[76]
[77]
[78]
[79]
[80]
[81]
[82]
[83]
[84]
[85]
[86]
[88]
[89]
[90]
[91]
[93]
[94]
[95]
[96]
[97]
[98]
[100]
[101]
[102]
[103]
[104]
[105]
[106]
[107]
[108]
[110]
[111]
[112]
[113]
[114]
[115]
[116]
[117]
[118]
[120]
[121]
[122]
[123]
[124]
[125]
[126]
[127]
[128]
[129]
[130]
[131]
[132]
[134]
[135]
[136]
[137]
[138]
[139]
[140]
[141]
[142]
[143]
[144]
[145]
[146]
[147]
[149]
[150]
[151]
[152]
[153]
[154]
[155]
[156]
[157]
[158]
[159]
[160]
[161]
[162]
[163]
[164]
[165]
[166]
[167]
[168]
[169]
[170]
[171]
[172]
[173]
[174]
[175]
[176]
[177]
[178]
[179]
[180]
[181]
[182]
[183]
[185]
[186]
[187]
[188]
[189]
[190]
[0, 191]
[191]
[1, 191]
[192]
[2, 191]
[193]
[3, 191]
[194]
[4, 191]
[195]
[5, 191]
[196]
[6, 191]
[197]
[7, 191]
[198]
[8, 191]
[199]
[9, 191]
[200]
[10, 191]
[201]
[11, 191]
[202]
[12, 191]
[203]
[13, 191]
[204]
[14, 191]
[205]
[15, 191]
[206]
[16, 191]
[207]
[17, 191]
[208]
[18, 191]
[209]
[19, 191]
[210]
[20, 191]
[21, 191]
[212]
[22, 191]
[213]
[23, 191]
[214]
[24, 191]
[215]
[25, 191]
[216]
[26, 191]
[217]
[27, 191]
[218]
[28, 191]
[219]
[29, 191]
[220]
[221]
[31, 191]
[222]
[32, 191]
[223]
[33, 191]
[224]
[34, 191]
[225]
[35, 191]
[226]
[36, 191]
[227]
[37, 191]
[228]
[38, 191]
[229]
[39, 191]
[230]
[40, 191]
[231]
[41, 191]
[232]
[42, 191]
[43, 191]
[234]
[44, 191]
[235]
[45, 191]
[236]
[46, 191]
[237]
[48, 191]
[239]
[49, 191]
[240]
[50, 191]
[241]
[51, 191]
[242]
[52, 191]
[243]
[53, 191]
[244]
[54, 191]
[245]
[55, 191]
[246]
[56, 191]
[247]
[57, 191]
[248]
[58, 191]
[249]
[59, 191]
[60, 191]
[61, 191]
[252]
[62, 191]
[253]
[254]
[64, 191]
[255]
[65, 191]
[256]
[66, 191]
[257]
[67, 191]
[258]
[68, 191]
[259]
[69, 191]
[260]
[70, 191]
[261]
[71, 191]
[262]
[72, 191]
[263]
[73, 191]
[264]
[74, 191]
[265]
[75, 191]
[266]
[76, 191]
[267]
[77, 191]
[268]
[78, 191]
[269]
[79, 191]
[270]
[80, 191]
[81, 191]
[272]
[82, 191]
[273]
[83, 191]
[274]
[84, 191]
[275]
[85, 191]
[276]
[86, 191]
[277]
[278]
[88, 191]
[279]
[89, 191]
[280]
[90, 191]
[281]
[91, 191]
[282]
[283]
[93, 191]
[94, 191]
[285]
[95, 191]
[286]
[96, 191]
[287]
[97, 191]
[288]
[98, 191]
[289]
[290]
[100, 191]
[291]
[101, 191]
[292]
[102, 191]
[293]
[103, 191]
[294]
[104, 191]
[295]
[105, 191]
[296]
[106, 191]
[297]
[107, 191]
[298]
[108, 191]
[299]
[300]
[110, 191]
[301]
[111, 191]
[302]
[112, 191]
[303]
[113, 191]
[304]
[114, 191]
[305]
[115, 191]
[306]
[116, 191]
[307]
[117, 191]
[308]
[118, 191]
[309]
[310]
[120, 191]
[311]
[121, 191]
[122, 191]
[313]
[123, 191]
[314]
[124, 191]
[315]
[125, 191]
[316]
[126, 191]
[317]
[127, 191]
[318]
[128, 191]
[319]
[129, 191]
[320]
[130, 191]
[321]
[131, 191]
[322]
[132, 191]
[323]
[324]
[134, 191]
[325]
[135, 191]
[326]
[136, 191]
[327]
[137, 191]
[328]
[138, 191]
[329]
[139, 191]
[330]
[140, 191]
[331]
[141, 191]
[332]
[142, 191]
[333]
[143, 191]
[334]
[144, 191]
[335]
[145, 191]
[336]
[146, 191]
[337]
[147, 191]
[338]
[339]
[149, 191]
[340]
[150, 191]
[151, 191]
[342]
[152, 191]
[343]
[153, 191]
[344]
[154, 191]
[345]
[155, 191]
[346]
[156, 191]
[347]
[157, 191]
[348]
[158, 191]
[349]
[159, 191]
[350]
[160, 191]
[351]
[161, 191]
[352]
[162, 191]
[163, 191]
[354]
[164, 191]
[355]
[165, 191]
[356]
[166, 191]
[357]
[167, 191]
[358]
[168, 191]
[359]
[169, 191]
[360]
[170, 191]
[361]
[171, 191]
[362]
[172, 191]
[363]
[173, 191]
[364]
[174, 191]
[175, 191]
[366]
[176, 191]
[367]
[177, 191]
[368]
[178, 191]
[369]
[179, 191]
[370]
[180, 191]
[371]
[181, 191]
[372]
[182, 191]
[373]
[183, 191]
[374]
[375]
[185, 191]
[376]
[186, 191]
[377]
[187, 191]
[378]
[188, 191]
[379]
[189, 191]
[380]
[190, 191]
[381]
[382]
[192, 191]
[383]
[193, 191]
[384]
[194, 191]
[385]
[195, 191]
[196, 191]
[387]
[197, 191]
[388]
[198, 191]
[199, 191]
[390]
[200, 191]
[391]
[201, 191]
[392]
[202, 191]
[203, 191]
[394]
[204, 191]
[395]
[205, 191]
[396]
[206, 191]
[397]
[191, 207]
[398]
[208, 191]
[399]
[209, 191]
[400]
[210, 191]
[401]
[402]
[212, 191]
[403]
[213, 191]
[404]
[214, 191]
[405]
[215, 191]
[406]
[216, 191]
[407]
[217, 191]
[408]
[218, 191]
[409]
[219, 191]
[410]
[220, 191]
[411]
[221, 191]
[412]
[222, 191]
[413]
[191, 223]
[414]
[224, 191]
[415]
[225, 191]
[416]
[226, 191]
[417]
[227, 191]
[418]
[228, 191]
[419]
[229, 191]
[230, 191]
[421]
[231, 191]
[422]
[232, 191]
[423]
[424]
[234, 191]
[235, 191]
[426]
[236, 191]
[427]
[237, 191]
[428]
[429]
[191, 239]
[430]
[240, 191]
[431]
[241, 191]
[432]
[242, 191]
[243, 191]
[244, 191]
[435]
[245, 191]
[436]
[246, 191]
[437]
[247, 191]
[438]
[248, 191]
[439]
[249, 191]
[440]
[441]
[442]
[252, 191]
[443]
[253, 191]
[444]
[254, 191]
[191, 255]
[256, 191]
[447]
[257, 191]
[448]
[258, 191]
[449]
[259, 191]
[450]
[260, 191]
[451]
[261, 191]
[452]
[262, 191]
[453]
[263, 191]
[454]
[264, 191]
[455]
[265, 191]
[456]
[266, 191]
[457]
[267, 191]
[458]
[268, 191]
[459]
[269, 191]
[460]
[270, 191]
[461]
[462]
[272, 191]
[463]
[273, 191]
[464]
[274, 191]
[465]
[275, 191]
[466]
[276, 191]
[467]
[277, 191]
[468]
[278, 191]
[469]
[279, 191]
[470]
[280, 191]
[471]
[281, 191]
[472]
[282, 191]
[473]
[283, 191]
[474]
[475]
[285, 191]
[476]
[286, 191]
[477]
[191, 287]
[478]
[288, 191]
[479]
[289, 191]
[480]
[290, 191]
[481]
[291, 191]
[482]
[292, 191]
[483]
[293, 191]
[484]
[294, 191]
[485]
[295, 191]
[486]
[296, 191]
[487]
[297, 191]
[488]
[298, 191]
[489]
[299, 191]
[490]
[300, 191]
[491]
[301, 191]
[492]
[302, 191]
[493]
[191, 303]
[494]
[304, 191]
[495]
[305, 191]
[496]
[306, 191]
[497]
[307, 191]
[498]
[308, 191]
[499]
[309, 191]
[500]
[310, 191]
[501]
[311, 191]
[502]
[503]
[313, 191]
[504]
[314, 191]
[505]
[315, 191]
[316, 191]
[507]
[317, 191]
[508]
[318, 191]
[509]
[191, 319]
[510]
[320, 191]
[511]
[321, 191]
[512]
[322, 191]
[513]
[323, 191]
[514]
[324, 191]
[515]
[325, 191]
[516]
[326, 191]
[517]
[327, 191]
[518]
[328, 191]
[329, 191]
[520]
[330, 191]
[521]
[331, 191]
[522]
[332, 191]
[523]
[333, 191]
[524]
[334, 191]
[525]
[191, 335]
[526]
[336, 191]
[527]
[337, 191]
[528]
[338, 191]
[529]
[339, 191]
[530]
[340, 191]
[531]
[532]
[342, 191]
[533]
[343, 191]
[534]
[344, 191]
[535]
[345, 191]
[536]
[346, 191]
[537]
[347, 191]
[538]
[348, 191]
[539]
[349, 191]
[540]
[350, 191]
[541]
[191, 351]
[542]
[352, 191]
[543]
[544]
[354, 191]
[545]
[355, 191]
[546]
[356, 191]
[357, 191]
[548]
[358, 191]
[549]
[359, 191]
[550]
[360, 191]
[551]
[361, 191]
[552]
[362, 191]
[553]
[363, 191]
[554]
[364, 191]
[555]
[556]
[366, 191]
[557]
[191, 367]
[558]
[368, 191]
[369, 191]
[560]
[370, 191]
[561]
[371, 191]
[562]
[372, 191]
[563]
[373, 191]
[564]
[374, 191]
[565]
[375, 191]
[566]
[376, 191]
[567]
[377, 191]
[568]
[378, 191]
[569]
[379, 191]
[570]
[380, 191]
[571]
[381, 191]
[572]
[382, 191]
[573]
[191, 383]
[574]
[384, 191]
[575]
[385, 191]
[576]
[577]
[387, 191]
[578]
[388, 191]
[579]
[580]
[390, 191]
[581]
[391, 191]
[582]
[392, 191]
[583]
[394, 191]
[585]
[395, 191]
[586]
[396, 191]
[397, 191]
[588]
[398, 191]
[589]
[191, 399]
[590]
[400, 191]
[591]
[401, 191]
[592]
[402, 191]
[593]
[403, 191]
[594]
[595]
[405, 191]
[406, 191]
[597]
[407, 191]
[598]
[408, 191]
[409, 191]
[600]
[410, 191]
[601]
[411, 191]
[602]
[412, 191]
[603]
[413, 191]
[604]
[414, 191]
[605]
[191, 415]
[606]
[416, 191]
[417, 191]
[608]
[418, 191]
[609]
[419, 191]
[610]
[611]
[421, 191]
[612]
[422, 191]
[613]
[423, 191]
[614]
[424, 191]
[615]
[616]
[426, 191]
[617]
[427, 191]
[618]
[428, 191]
[619]
[429, 191]
[620]
[430, 191]
[621]
[191, 431]
[622]
[432, 191]
[623]
[624]
[625]
[435, 191]
[626]
[436, 191]
[627]
[437, 191]
[628]
[438, 191]
[629]
[439, 191]
[630]
[440, 191]
[631]
[441, 191]
[632]
[442, 191]
[633]
[443, 191]
[634]
[444, 191]
[635]
[637]
[191, 447]
[638]
[448, 191]
[639]
[449, 191]
[640]
[450, 191]
[641]
[451, 191]
[642]
[452, 191]
[643]
[453, 191]
[644]
[454, 191]
[645]
[455, 191]
[456, 191]
[647]
[457, 191]
[648]
[458, 191]
[649]
[459, 191]
[650]
[460, 191]
[651]
[461, 191]
[652]
[462, 191]
[653]
[191, 463]
[654]
[464, 191]
[655]
[465, 191]
[656]
[466, 191]
[657]
[467, 191]
[658]
[468, 191]
[659]
[469, 191]
[660]
[470, 191]
[661]
[471, 191]
[662]
[472, 191]
[663]
[473, 191]
[474, 191]
[665]
[475, 191]
[666]
[476, 191]
[667]
[477, 191]
[478, 191]
[669]
[191, 479]
[670]
[480, 191]
[671]
[481, 191]
[672]
[482, 191]
[673]
[483, 191]
[674]
[484, 191]
[675]
[485, 191]
[676]
[486, 191]
[677]
[487, 191]
[678]
[488, 191]
[679]
[489, 191]
[680]
[490, 191]
[681]
[491, 191]
[682]
[492, 191]
[683]
[493, 191]
[684]
[494, 191]
[685]
[191, 495]
[686]
[496, 191]
[687]
[497, 191]
[688]
[498, 191]
[689]
[499, 191]
[690]
[500, 191]
[691]
[501, 191]
[692]
[502, 191]
[503, 191]
[694]
[504, 191]
[695]
[505, 191]
[696]
[697]
[507, 191]
[698]
[508, 191]
[699]
[509, 191]
[510, 191]
[701]
[191, 511]
[702]
[512, 191]
[703]
[513, 191]
[704]
[514, 191]
[705]
[515, 191]
[706]
[516, 191]
[707]
[517, 191]
[708]
[518, 191]
[709]
[710]
[520, 191]
[711]
[521, 191]
[712]
[522, 191]
[713]
[523, 191]
[714]
[524, 191]
[715]
[525, 191]
[716]
[526, 191]
[717]
[191, 527]
[718]
[528, 191]
[719]
[529, 191]
[720]
[530, 191]
[721]
[531, 191]
[722]
[532, 191]
[723]
[533, 191]
[724]
[534, 191]
[725]
[535, 191]
[726]
[536, 191]
[727]
[537, 191]
[728]
[538, 191]
[729]
[539, 191]
[730]
[540, 191]
[731]
[541, 191]
[732]
[542, 191]
[733]
[191, 543]
[734]
[544, 191]
[735]
[545, 191]
[736]
[546, 191]
[737]
[738]
[548, 191]
[739]
[549, 191]
[740]
[550, 191]
[741]
[551, 191]
[742]
[552, 191]
[743]
[553, 191]
[744]
[554, 191]
[745]
[555, 191]
[746]
[556, 191]
[557, 191]
[558, 191]
[749]
[750]
[560, 191]
[751]
[561, 191]
[752]
[562, 191]
[753]
[563, 191]
[564, 191]
[755]
[565, 191]
[756]
[566, 191]
[757]
[567, 191]
[758]
[568, 191]
[759]
[569, 191]
[760]
[570, 191]
[571, 191]
[762]
[572, 191]
[763]
[573, 191]
[764]
[574, 191]
[765]
[191, 575]
[766]
[576, 191]
[767]
[577, 191]
[768]
[578, 191]
[769]
[579, 191]
[580, 191]
[771]
[581, 191]
[772]
[582, 191]
[773]
[583, 191]
[774]
[775]
[585, 191]
[776]
[586, 191]
[777]
[778]
[588, 191]
[779]
[589, 191]
[780]
[590, 191]
[781]
[191, 591]
[782]
[592, 191]
[783]
[593, 191]
[784]
[594, 191]
[785]
[595, 191]
[787]
[597, 191]
[788]
[598, 191]
[789]
[790]
[600, 191]
[601, 191]
[792]
[602, 191]
[793]
[603, 191]
[794]
[604, 191]
[795]
[605, 191]
[606, 191]
[797]
[798]
[608, 191]
[799]
[609, 191]
[800]
[610, 191]
[801]
[611, 191]
[802]
[612, 191]
[803]
[613, 191]
[804]
[614, 191]
[805]
[615, 191]
[806]
[616, 191]
[807]
[617, 191]
[618, 191]
[809]
[619, 191]
[810]
[620, 191]
[811]
[621, 191]
[812]
[622, 191]
[813]
[191, 623]
[814]
[624, 191]
[815]
[625, 191]
[816]
[626, 191]
[817]
[627, 191]
[818]
[628, 191]
[819]
[629, 191]
[820]
[630, 191]
[821]
[631, 191]
[822]
[632, 191]
[823]
[633, 191]
[824]
[634, 191]
[825]
[635, 191]
[826]
[827]
[637, 191]
[828]
[638, 191]
[829]
[191, 639]
[830]
[640, 191]
[831]
[641, 191]
[832]
[642, 191]
[833]
[643, 191]
[834]
[644, 191]
[835]
[645, 191]
[837]
[647, 191]
[838]
[648, 191]
[839]
[649, 191]
[840]
[650, 191]
[841]
[651, 191]
[842]
[652, 191]
[843]
[653, 191]
[844]
[654, 191]
[845]
[191, 655]
[846]
[656, 191]
[847]
[657, 191]
[848]
[658, 191]
[849]
[659, 191]
[850]
[660, 191]
[851]
[661, 191]
[852]
[662, 191]
[853]
[663, 191]
[854]
[855]
[665, 191]
[856]
[666, 191]
[857]
[667, 191]
[858]
[859]
[669, 191]
[860]
[670, 191]
[861]
[191, 671]
[862]
[672, 191]
[863]
[673, 191]
[864]
[674, 191]
[865]
[675, 191]
[866]
[676, 191]
[867]
[677, 191]
[868]
[678, 191]
[869]
[679, 191]
[870]
[680, 191]
[871]
[681, 191]
[872]
[682, 191]
[873]
[683, 191]
[874]
[684, 191]
[685, 191]
[876]
[686, 191]
[877]
[191, 687]
[878]
[688, 191]
[879]
[689, 191]
[880]
[690, 191]
[881]
[691, 191]
[882]
[692, 191]
[883]
[884]
[694, 191]
[885]
[695, 191]
[886]
[696, 191]
[887]
[697, 191]
[888]
[698, 191]
[889]
[699, 191]
[890]
[891]
[701, 191]
[892]
[702, 191]
[893]
[191, 703]
[894]
[704, 191]
[895]
[705, 191]
[896]
[706, 191]
[897]
[707, 191]
[898]
[708, 191]
[899]
[709, 191]
[900]
[710, 191]
[901]
[711, 191]
[902]
[712, 191]
[903]
[713, 191]
[904]
[714, 191]
[905]
[715, 191]
[906]
[716, 191]
[907]
[717, 191]
[908]
[718, 191]
[909]
[191, 719]
[910]
[720, 191]
[911]
[721, 191]
[912]
[722, 191]
[913]
[723, 191]
[914]
[724, 191]
[915]
[725, 191]
[916]
[726, 191]
[917]
[727, 191]
[918]
[728, 191]
[919]
[729, 191]
[920]
[730, 191]
[921]
[731, 191]
[922]
[732, 191]
[923]
[733, 191]
[924]
[734, 191]
[925]
[191, 735]
[926]
[736, 191]
[927]
[737, 191]
[928]
[738, 191]
[739, 191]
[930]
[740, 191]
[931]
[741, 191]
[932]
[742, 191]
[933]
[743, 191]
[934]
[744, 191]
[935]
[745, 191]
[936]
[746, 191]
[937]
[938]
[939]
[749, 191]
[940]
[750, 191]
[941]
[191, 751]
[942]
[752, 191]
[943]
[753, 191]
[944]
[945]
[755, 191]
[946]
[756, 191]
[947]
[757, 191]
[948]
[758, 191]
[949]
[759, 191]
[950]
[760, 191]
[951]
[952]
[762, 191]
[953]
[763, 191]
[764, 191]
[765, 191]
[956]
[766, 191]
[957]
[191, 767]
[958]
[768, 191]
[959]
[769, 191]
[960]
[961]
[771, 191]
[962]
[772, 191]
[963]
[773, 191]
[964]
[774, 191]
[965]
[775, 191]
[966]
[776, 191]
[967]
[777, 191]
[968]
[778, 191]
[969]
[779, 191]
[970]
[780, 191]
[971]
[781, 191]
[972]
[782, 191]
[973]
[191, 783]
[784, 191]
[975]
[785, 191]
[977]
[787, 191]
[978]
[788, 191]
[979]
[789, 191]
[980]
[790, 191]
[981]
[982]
[792, 191]
[983]
[793, 191]
[984]
[794, 191]
[985]
[795, 191]
[986]
[987]
[797, 191]
[988]
[798, 191]
[989]
[191, 799]
[990]
[800, 191]
[991]
[801, 191]
[992]
[802, 191]
[993]
[803, 191]
[994]
[804, 191]
[995]
[805, 191]
[806, 191]
[997]
[807, 191]
[998]
[999]
[809, 191]
[810, 191]
[811, 191]
[812, 191]
[813, 191]
[814, 191]
[191, 815]
[816, 191]
[817, 191]
[818, 191]
[819, 191]
[820, 191]
[821, 191]
[822, 191]
[823, 191]
[824, 191]
[825, 191]
[826, 191]
[827, 191]
[828, 191]
[829, 191]
[830, 191]
[191, 831]
[832, 191]
[833, 191]
[834, 191]
[835, 191]
[837, 191]
[838, 191]
[839, 191]
[840, 191]
[841, 191]
[842, 191]
[843, 191]
[844, 191]
[845, 191]
[846, 191]
[191, 847]
[848, 191]
[849, 191]
[850, 191]
[851, 191]
[852, 191]
[853, 191]
[854, 191]
[855, 191]
[856, 191]
[857, 191]
[858, 191]
[859, 191]
[860, 191]
[861, 191]
[862, 191]
[191, 863]
[864, 191]
[865, 191]
[866, 191]
[867, 191]
[868, 191]
[869, 191]
[870, 191]
[871, 191]
[872, 191]
[873, 191]
[874, 191]
[876, 191]
[877, 191]
[878, 191]
[191, 879]
[880, 191]
[881, 191]
[882, 191]
[883, 191]
[884, 191]
[885, 191]
[886, 191]
[887, 191]
[888, 191]
[889, 191]
[890, 191]
[891, 191]
[892, 191]
[893, 191]
[894, 191]
[191, 895]
[896, 191]
[897, 191]
[898, 191]
[899, 191]
[900, 191]
[901, 191]
[902, 191]
[903, 191]
[904, 191]
[905, 191]
[906, 191]
[907, 191]
[908, 191]
[909, 191]
[910, 191]
[191, 911]
[912, 191]
[913, 191]
[914, 191]
[915, 191]
[916, 191]
[917, 191]
[918, 191]
[919, 191]
[920, 191]
[921, 191]
[922, 191]
[923, 191]
[924, 191]
[925, 191]
[926, 191]
[191, 927]
[928, 191]
[930, 191]
[931, 191]
[932, 191]
[933, 191]
[934, 191]
[935, 191]
[936, 191]
[937, 191]
[938, 191]
[939, 191]
[940, 191]
[941, 191]
[942, 191]
[191, 943]
[944, 191]
[945, 191]
[946, 191]
[947, 191]
[948, 191]
[949, 191]
[950, 191]
[951, 191]
[952, 191]
[953, 191]
[956, 191]
[957, 191]
[958, 191]
[191, 959]
[960, 191]
[961, 191]
[962, 191]
[963, 191]
[964, 191]
[965, 191]
[966, 191]
[967, 191]
[968, 191]
[969, 191]
[970, 191]
[971, 191]
[972, 191]
[973, 191]
[191, 975]
[977, 191]
[978, 191]
[979, 191]
[980, 191]
[981, 191]
[982, 191]
[983, 191]
[984, 191]
[985, 191]
[986, 191]
[987, 191]
[988, 191]
[989, 191]
[990, 191]
[191, 991]
[992, 191]
[993, 191]
[994, 191]
[995, 191]
[997, 191]
[998, 191]
[999, 191]
