Running time: 153983 ms
Maximum memory usage : 310.1787109375 mb
Itemset count: 6092
Transaction count: 60000
minPro: 0.6
minSup: 0.06
PMFIs:
[0]
[1]
[2]
[3]
[4]
[5]
[6]
[7]
[8]
[10]
[11]
[12]
[13]
[14]
[15]
[16]
[17]
[18]
[19]
[20]
[21]
[22]
[23]
[24]
[25]
[26]
[27]
[28]
[29]
[31]
[32]
[33]
[34]
[35]
[36]
[37]
[38]
[39]
[40]
[41]
[42]
[43]
[44]
[45]
[46]
[47]
[48]
[49]
[51]
[52]
[53]
[54]
[55]
[56]
[57]
[58]
[59]
[62]
[64]
[66]
[67]
[68]
[69]
[70]
[71]
[72]
[73]
[74]
[75]
[78]
[80]
[81]
[82]
[83]
[85]
[86]
[88]
[89]
[90]
[91]
[93]
[94]
[95]
[96]
[97]
[98]
[100]
[101]
[102]
[103]
[104]
[105]
[108]
[110]
[111]
[112]
[113]
[114]
[115]
[116]
[117]
[118]
[120]
[121]
[122]
[123]
[124]
[125]
[126]
[127]
[128]
[129]
[130]
[131]
[132]
[135]
[136]
[137]
[138]
[139]
[140]
[141]
[142]
[143]
[144]
[145]
[146]
[147]
[150]
[151]
[152]
[153]
[154]
[155]
[156]
[157]
[158]
[159]
[160]
[161]
[162]
[163]
[164]
[165]
[166]
[167]
[168]
[169]
[170]
[171]
[172]
[173]
[174]
[175]
[176]
[177]
[178]
[179]
[180]
[181]
[182]
[183]
[185]
[186]
[187]
[188]
[189]
[190]
[191]
[192]
[193]
[194]
[196]
[197]
[198]
[199]
[201]
[202]
[203]
[204]
[205]
[206]
[207]
[208]
[209]
[210]
[212]
[213]
[214]
[215]
[216]
[217]
[218]
[220]
[222]
[224]
[225]
[226]
[227]
[228]
[229]
[230]
[231]
[234]
[236]
[237]
[239]
[240]
[241]
[242]
[244]
[0, 245]
[245]
[1, 245]
[246]
[2, 245]
[247]
[3, 245]
[248]
[4, 245]
[249]
[5, 245]
[245, 6]
[245, 7]
[252]
[245, 8]
[254]
[245, 10]
[255]
[245, 11]
[256]
[245, 12]
[257]
[245, 13]
[258]
[245, 14]
[259]
[245, 15]
[16, 245]
[261]
[17, 245]
[262]
[18, 245]
[263]
[19, 245]
[264]
[20, 245]
[265]
[21, 245]
[266]
[245, 22]
[267]
[245, 23]
[268]
[245, 24]
[269]
[245, 25]
[270]
[245, 26]
[245, 27]
[272]
[245, 28]
[273]
[245, 29]
[274]
[275]
[245, 31]
[276]
[32, 245]
[277]
[33, 245]
[278]
[34, 245]
[279]
[35, 245]
[280]
[36, 245]
[281]
[37, 245]
[282]
[245, 38]
[283]
[245, 39]
[245, 40]
[285]
[245, 41]
[286]
[245, 42]
[287]
[245, 43]
[245, 44]
[289]
[245, 45]
[290]
[245, 46]
[245, 47]
[292]
[48, 245]
[293]
[49, 245]
[294]
[295]
[51, 245]
[296]
[52, 245]
[297]
[53, 245]
[298]
[245, 54]
[299]
[245, 55]
[300]
[245, 56]
[301]
[245, 57]
[245, 58]
[303]
[245, 59]
[304]
[305]
[306]
[245, 62]
[307]
[308]
[64, 245]
[309]
[310]
[66, 245]
[311]
[67, 245]
[68, 245]
[313]
[69, 245]
[314]
[245, 70]
[315]
[245, 71]
[316]
[245, 72]
[317]
[245, 73]
[318]
[245, 74]
[319]
[245, 75]
[320]
[321]
[322]
[245, 78]
[324]
[80, 245]
[325]
[81, 245]
[326]
[82, 245]
[327]
[83, 245]
[328]
[329]
[85, 245]
[330]
[245, 86]
[331]
[332]
[245, 88]
[333]
[245, 89]
[334]
[245, 90]
[335]
[245, 91]
[336]
[245, 93]
[338]
[245, 94]
[339]
[245, 95]
[96, 245]
[97, 245]
[342]
[98, 245]
[343]
[100, 245]
[345]
[101, 245]
[346]
[245, 102]
[347]
[245, 103]
[348]
[245, 104]
[349]
[245, 105]
[350]
[351]
[352]
[245, 108]
[354]
[245, 110]
[355]
[245, 111]
[356]
[112, 245]
[357]
[113, 245]
[358]
[114, 245]
[0, 360]
[115, 245]
[360]
[1, 360]
[116, 245]
[361]
[2, 360]
[117, 245]
[362]
[3, 360]
[245, 118]
[363]
[4, 360]
[364]
[5, 360]
[245, 120]
[6, 360]
[366]
[7, 360]
[245, 122]
[367]
[8, 360]
[368]
[245, 124]
[369]
[360, 10]
[245, 125]
[370]
[360, 11]
[245, 126]
[371]
[360, 12]
[245, 127]
[372]
[128, 245]
[373]
[360, 14]
[129, 245]
[374]
[360, 15]
[130, 245]
[375]
[16, 360]
[131, 245]
[376]
[17, 360]
[132, 245]
[377]
[18, 360]
[378]
[19, 360]
[379]
[20, 360]
[245, 135]
[21, 360]
[245, 136]
[381]
[22, 360]
[245, 137]
[382]
[23, 360]
[245, 138]
[383]
[24, 360]
[245, 139]
[384]
[360, 25]
[245, 140]
[385]
[360, 26]
[245, 141]
[360, 27]
[245, 142]
[387]
[360, 28]
[245, 143]
[388]
[360, 29]
[144, 245]
[145, 245]
[390]
[360, 31]
[146, 245]
[391]
[32, 360]
[147, 245]
[392]
[33, 360]
[34, 360]
[394]
[35, 360]
[245, 150]
[395]
[36, 360]
[245, 151]
[396]
[37, 360]
[245, 152]
[397]
[38, 360]
[245, 153]
[398]
[39, 360]
[245, 154]
[399]
[40, 360]
[245, 155]
[400]
[360, 41]
[245, 156]
[401]
[360, 42]
[245, 157]
[402]
[360, 43]
[245, 158]
[403]
[360, 44]
[245, 159]
[360, 45]
[160, 245]
[405]
[360, 46]
[161, 245]
[406]
[360, 47]
[162, 245]
[407]
[48, 360]
[163, 245]
[408]
[49, 360]
[164, 245]
[409]
[165, 245]
[51, 360]
[245, 166]
[411]
[52, 360]
[245, 167]
[412]
[53, 360]
[245, 168]
[413]
[54, 360]
[245, 169]
[414]
[55, 360]
[245, 170]
[415]
[56, 360]
[245, 171]
[360, 57]
[245, 172]
[417]
[360, 58]
[245, 173]
[418]
[360, 59]
[245, 174]
[419]
[245, 175]
[176, 245]
[421]
[360, 62]
[177, 245]
[422]
[178, 245]
[423]
[64, 360]
[179, 245]
[424]
[180, 245]
[66, 360]
[181, 245]
[426]
[67, 360]
[245, 182]
[427]
[68, 360]
[245, 183]
[428]
[69, 360]
[429]
[70, 360]
[245, 185]
[430]
[71, 360]
[245, 186]
[431]
[72, 360]
[245, 187]
[432]
[360, 73]
[245, 188]
[360, 74]
[245, 189]
[360, 75]
[245, 190]
[435]
[245, 191]
[436]
[192, 245]
[437]
[360, 78]
[193, 245]
[438]
[194, 245]
[439]
[80, 360]
[440]
[81, 360]
[196, 245]
[441]
[82, 360]
[197, 245]
[442]
[83, 360]
[245, 198]
[443]
[245, 199]
[444]
[85, 360]
[86, 360]
[245, 201]
[245, 202]
[447]
[88, 360]
[245, 203]
[448]
[360, 89]
[245, 204]
[449]
[360, 90]
[245, 205]
[450]
[360, 91]
[245, 206]
[451]
[245, 207]
[452]
[360, 93]
[208, 245]
[453]
[360, 94]
[209, 245]
[454]
[360, 95]
[210, 245]
[455]
[96, 360]
[456]
[97, 360]
[212, 245]
[98, 360]
[213, 245]
[458]
[245, 214]
[459]
[100, 360]
[245, 215]
[460]
[101, 360]
[245, 216]
[461]
[102, 360]
[245, 217]
[462]
[103, 360]
[245, 218]
[104, 360]
[464]
[360, 105]
[245, 220]
[465]
[466]
[245, 222]
[467]
[360, 108]
[468]
[224, 245]
[469]
[360, 110]
[225, 245]
[470]
[360, 111]
[226, 245]
[471]
[112, 360]
[227, 245]
[472]
[113, 360]
[228, 245]
[473]
[114, 360]
[229, 245]
[474]
[115, 360]
[245, 230]
[475]
[116, 360]
[245, 231]
[476]
[117, 360]
[477]
[118, 360]
[478]
[245, 234]
[479]
[120, 360]
[480]
[245, 236]
[481]
[360, 122]
[245, 237]
[482]
[483]
[360, 124]
[245, 239]
[484]
[360, 125]
[240, 245]
[485]
[360, 126]
[241, 245]
[486]
[360, 127]
[242, 245]
[487]
[128, 360]
[129, 360]
[244, 245]
[489]
[130, 360]
[490]
[131, 360]
[245, 246]
[491]
[132, 360]
[245, 247]
[492]
[245, 248]
[493]
[245, 249]
[494]
[135, 360]
[495]
[136, 360]
[496]
[360, 137]
[245, 252]
[360, 138]
[498]
[360, 139]
[245, 254]
[499]
[360, 140]
[245, 255]
[500]
[360, 141]
[256, 245]
[501]
[360, 142]
[257, 245]
[502]
[360, 143]
[258, 245]
[503]
[144, 360]
[259, 245]
[504]
[145, 360]
[505]
[146, 360]
[245, 261]
[147, 360]
[245, 262]
[507]
[245, 263]
[508]
[245, 264]
[509]
[150, 360]
[245, 265]
[510]
[151, 360]
[245, 266]
[511]
[152, 360]
[245, 267]
[512]
[360, 153]
[245, 268]
[513]
[360, 154]
[245, 269]
[514]
[360, 155]
[245, 270]
[515]
[360, 156]
[516]
[360, 157]
[272, 245]
[517]
[360, 158]
[273, 245]
[518]
[360, 159]
[274, 245]
[160, 360]
[275, 245]
[520]
[161, 360]
[276, 245]
[521]
[162, 360]
[245, 277]
[522]
[163, 360]
[245, 278]
[523]
[164, 360]
[245, 279]
[524]
[165, 360]
[245, 280]
[525]
[166, 360]
[245, 281]
[526]
[167, 360]
[527]
[168, 360]
[245, 283]
[528]
[529]
[360, 170]
[245, 285]
[530]
[360, 171]
[245, 286]
[531]
[360, 172]
[245, 287]
[532]
[360, 173]
[533]
[360, 174]
[289, 245]
[534]
[360, 175]
[290, 245]
[535]
[176, 360]
[536]
[177, 360]
[292, 245]
[537]
[178, 360]
[245, 293]
[538]
[179, 360]
[245, 294]
[539]
[180, 360]
[245, 295]
[540]
[181, 360]
[245, 296]
[541]
[182, 360]
[245, 297]
[183, 360]
[245, 298]
[245, 299]
[544]
[360, 185]
[245, 300]
[545]
[360, 186]
[245, 301]
[546]
[360, 187]
[360, 188]
[245, 303]
[548]
[304, 245]
[360, 190]
[305, 245]
[550]
[360, 191]
[306, 245]
[551]
[192, 360]
[307, 245]
[552]
[193, 360]
[308, 245]
[553]
[194, 360]
[245, 309]
[554]
[245, 310]
[196, 360]
[245, 311]
[556]
[197, 360]
[557]
[198, 360]
[245, 313]
[558]
[199, 360]
[245, 314]
[245, 315]
[560]
[360, 201]
[245, 316]
[561]
[360, 202]
[245, 317]
[562]
[360, 203]
[245, 318]
[563]
[360, 204]
[245, 319]
[564]
[360, 205]
[320, 245]
[565]
[360, 206]
[321, 245]
[360, 207]
[322, 245]
[567]
[208, 360]
[568]
[209, 360]
[324, 245]
[569]
[210, 360]
[245, 325]
[245, 326]
[571]
[212, 360]
[245, 327]
[572]
[213, 360]
[245, 328]
[573]
[214, 360]
[245, 329]
[574]
[215, 360]
[245, 330]
[575]
[216, 360]
[245, 331]
[576]
[360, 217]
[245, 332]
[577]
[360, 218]
[245, 333]
[578]
[245, 334]
[579]
[360, 220]
[245, 335]
[580]
[336, 245]
[581]
[360, 222]
[582]
[338, 245]
[583]
[224, 360]
[339, 245]
[225, 360]
[585]
[226, 360]
[227, 360]
[245, 342]
[228, 360]
[245, 343]
[588]
[229, 360]
[589]
[230, 360]
[245, 345]
[590]
[231, 360]
[245, 346]
[591]
[245, 347]
[592]
[245, 348]
[593]
[360, 234]
[245, 349]
[594]
[245, 350]
[595]
[360, 236]
[245, 351]
[596]
[360, 237]
[352, 245]
[597]
[598]
[360, 239]
[354, 245]
[240, 360]
[355, 245]
[600]
[241, 360]
[356, 245]
[601]
[242, 360]
[245, 357]
[602]
[245, 358]
[603]
[244, 360]
[604]
[245, 360]
[605]
[245, 361]
[246, 360]
[606]
[245, 362]
[247, 360]
[248, 360]
[608]
[245, 364]
[360, 249]
[609]
[610]
[245, 366]
[611]
[245, 367]
[360, 252]
[612]
[368, 245]
[613]
[369, 245]
[360, 254]
[614]
[370, 245]
[360, 255]
[371, 245]
[256, 360]
[616]
[372, 245]
[257, 360]
[617]
[245, 373]
[258, 360]
[618]
[245, 374]
[259, 360]
[619]
[245, 375]
[620]
[245, 376]
[261, 360]
[245, 377]
[262, 360]
[622]
[245, 378]
[263, 360]
[623]
[245, 379]
[264, 360]
[624]
[360, 265]
[245, 381]
[360, 266]
[626]
[245, 382]
[360, 267]
[627]
[245, 383]
[360, 268]
[628]
[384, 245]
[360, 269]
[629]
[385, 245]
[360, 270]
[630]
[631]
[387, 245]
[272, 360]
[632]
[388, 245]
[273, 360]
[633]
[274, 360]
[634]
[245, 390]
[275, 360]
[635]
[245, 391]
[276, 360]
[245, 392]
[277, 360]
[637]
[278, 360]
[638]
[245, 394]
[279, 360]
[639]
[245, 395]
[280, 360]
[640]
[245, 396]
[360, 281]
[641]
[245, 397]
[642]
[245, 398]
[360, 283]
[643]
[245, 399]
[644]
[400, 245]
[360, 285]
[645]
[401, 245]
[360, 286]
[402, 245]
[360, 287]
[647]
[403, 245]
[648]
[289, 360]
[649]
[245, 405]
[290, 360]
[650]
[245, 406]
[651]
[245, 407]
[292, 360]
[652]
[245, 408]
[293, 360]
[653]
[245, 409]
[294, 360]
[295, 360]
[655]
[245, 411]
[296, 360]
[656]
[245, 412]
[657]
[245, 413]
[360, 298]
[658]
[245, 414]
[360, 299]
[659]
[245, 415]
[360, 300]
[660]
[360, 301]
[661]
[417, 245]
[662]
[418, 245]
[360, 303]
[663]
[419, 245]
[304, 360]
[305, 360]
[665]
[245, 421]
[306, 360]
[666]
[245, 422]
[307, 360]
[245, 423]
[308, 360]
[245, 424]
[309, 360]
[310, 360]
[670]
[245, 426]
[311, 360]
[671]
[245, 427]
[672]
[245, 428]
[360, 313]
[673]
[245, 429]
[360, 314]
[674]
[245, 430]
[360, 315]
[675]
[360, 316]
[676]
[432, 245]
[360, 317]
[677]
[360, 318]
[678]
[360, 319]
[679]
[435, 245]
[320, 360]
[680]
[436, 245]
[321, 360]
[681]
[245, 437]
[322, 360]
[682]
[245, 438]
[683]
[245, 439]
[324, 360]
[684]
[245, 440]
[325, 360]
[685]
[245, 441]
[326, 360]
[686]
[245, 442]
[327, 360]
[687]
[245, 443]
[328, 360]
[688]
[245, 444]
[360, 329]
[689]
[360, 330]
[690]
[360, 331]
[691]
[245, 447]
[360, 332]
[692]
[448, 245]
[360, 333]
[693]
[449, 245]
[360, 334]
[694]
[450, 245]
[360, 335]
[695]
[451, 245]
[336, 360]
[696]
[452, 245]
[697]
[245, 453]
[338, 360]
[698]
[339, 360]
[699]
[245, 455]
[245, 456]
[701]
[342, 360]
[702]
[245, 458]
[343, 360]
[703]
[245, 459]
[704]
[245, 460]
[360, 345]
[705]
[245, 461]
[360, 346]
[706]
[245, 462]
[360, 347]
[707]
[360, 348]
[708]
[464, 245]
[360, 349]
[709]
[465, 245]
[360, 350]
[710]
[466, 245]
[360, 351]
[711]
[467, 245]
[352, 360]
[712]
[468, 245]
[713]
[245, 469]
[354, 360]
[714]
[245, 470]
[355, 360]
[715]
[245, 471]
[356, 360]
[716]
[245, 472]
[357, 360]
[245, 473]
[358, 360]
[718]
[245, 474]
[719]
[245, 475]
[720]
[245, 476]
[360, 361]
[721]
[245, 477]
[360, 362]
[722]
[245, 478]
[723]
[245, 479]
[360, 364]
[724]
[480, 245]
[725]
[481, 245]
[360, 366]
[726]
[482, 245]
[360, 367]
[483, 245]
[368, 360]
[484, 245]
[369, 360]
[729]
[245, 485]
[370, 360]
[730]
[245, 486]
[371, 360]
[731]
[245, 487]
[372, 360]
[732]
[373, 360]
[733]
[245, 489]
[374, 360]
[734]
[245, 490]
[375, 360]
[735]
[245, 491]
[360, 376]
[736]
[245, 492]
[360, 377]
[245, 493]
[360, 378]
[738]
[245, 494]
[360, 379]
[739]
[245, 495]
[740]
[496, 245]
[360, 381]
[741]
[360, 382]
[742]
[498, 245]
[360, 383]
[743]
[499, 245]
[384, 360]
[744]
[500, 245]
[385, 360]
[745]
[245, 501]
[746]
[387, 360]
[245, 503]
[388, 360]
[245, 504]
[749]
[245, 505]
[390, 360]
[750]
[391, 360]
[751]
[245, 507]
[360, 392]
[752]
[245, 508]
[753]
[245, 509]
[360, 394]
[245, 510]
[360, 395]
[755]
[245, 511]
[360, 396]
[512, 245]
[360, 397]
[757]
[513, 245]
[360, 398]
[758]
[514, 245]
[360, 399]
[759]
[515, 245]
[400, 360]
[760]
[516, 245]
[401, 360]
[245, 517]
[402, 360]
[762]
[245, 518]
[403, 360]
[763]
[764]
[245, 520]
[405, 360]
[765]
[245, 521]
[406, 360]
[766]
[245, 522]
[407, 360]
[767]
[0, 768]
[245, 523]
[360, 408]
[768]
[768, 1]
[245, 524]
[360, 409]
[769]
[768, 2]
[245, 525]
[768, 3]
[245, 526]
[360, 411]
[771]
[768, 4]
[245, 527]
[360, 412]
[768, 5]
[528, 245]
[360, 413]
[773]
[768, 6]
[529, 245]
[360, 414]
[774]
[768, 7]
[530, 245]
[360, 415]
[775]
[768, 8]
[531, 245]
[776]
[532, 245]
[417, 360]
[777]
[768, 10]
[245, 533]
[418, 360]
[778]
[768, 11]
[245, 534]
[419, 360]
[779]
[768, 12]
[245, 535]
[780]
[768, 13]
[245, 536]
[421, 360]
[781]
[768, 14]
[245, 537]
[422, 360]
[782]
[768, 15]
[245, 538]
[423, 360]
[783]
[16, 768]
[245, 539]
[360, 424]
[784]
[768, 17]
[245, 540]
[785]
[768, 18]
[245, 541]
[360, 426]
[768, 19]
[360, 427]
[787]
[768, 20]
[360, 428]
[788]
[768, 21]
[544, 245]
[360, 429]
[789]
[768, 22]
[545, 245]
[360, 430]
[790]
[768, 23]
[546, 245]
[768, 24]
[432, 360]
[792]
[768, 25]
[548, 245]
[793]
[768, 26]
[794]
[768, 27]
[245, 550]
[435, 360]
[795]
[768, 28]
[245, 551]
[436, 360]
[768, 29]
[245, 552]
[437, 360]
[797]
[245, 553]
[438, 360]
[798]
[768, 31]
[245, 554]
[439, 360]
[799]
[32, 768]
[360, 440]
[800]
[768, 33]
[245, 556]
[360, 441]
[801]
[768, 34]
[245, 557]
[360, 442]
[802]
[768, 35]
[245, 558]
[360, 443]
[803]
[768, 36]
[360, 444]
[804]
[768, 37]
[560, 245]
[805]
[768, 38]
[561, 245]
[806]
[768, 39]
[562, 245]
[360, 447]
[807]
[768, 40]
[563, 245]
[448, 360]
[768, 41]
[449, 360]
[809]
[768, 42]
[245, 565]
[450, 360]
[810]
[768, 43]
[451, 360]
[811]
[768, 44]
[245, 567]
[452, 360]
[812]
[768, 45]
[245, 568]
[453, 360]
[813]
[768, 46]
[245, 569]
[814]
[768, 47]
[455, 360]
[815]
[48, 768]
[245, 571]
[360, 456]
[768, 49]
[245, 572]
[817]
[245, 573]
[360, 458]
[818]
[768, 51]
[245, 574]
[360, 459]
[819]
[768, 52]
[245, 575]
[360, 460]
[820]
[768, 53]
[576, 245]
[360, 461]
[821]
[768, 54]
[577, 245]
[360, 462]
[822]
[768, 55]
[578, 245]
[823]
[768, 56]
[579, 245]
[464, 360]
[824]
[768, 57]
[580, 245]
[465, 360]
[825]
[768, 58]
[245, 581]
[466, 360]
[826]
[768, 59]
[245, 582]
[467, 360]
[827]
[245, 583]
[468, 360]
[828]
[469, 360]
[829]
[768, 62]
[245, 585]
[470, 360]
[830]
[471, 360]
[831]
[64, 768]
[360, 472]
[832]
[245, 588]
[833]
[768, 66]
[245, 589]
[360, 474]
[834]
[768, 67]
[245, 590]
[360, 475]
[835]
[768, 68]
[245, 591]
[360, 476]
[768, 69]
[592, 245]
[360, 477]
[837]
[768, 70]
[593, 245]
[360, 478]
[838]
[768, 71]
[594, 245]
[360, 479]
[839]
[768, 72]
[595, 245]
[480, 360]
[840]
[768, 73]
[596, 245]
[481, 360]
[841]
[768, 74]
[245, 597]
[482, 360]
[842]
[768, 75]
[245, 598]
[483, 360]
[843]
[484, 360]
[844]
[245, 600]
[485, 360]
[845]
[768, 78]
[245, 601]
[486, 360]
[846]
[245, 602]
[487, 360]
[847]
[80, 768]
[245, 603]
[768, 81]
[245, 604]
[360, 489]
[849]
[768, 82]
[245, 605]
[360, 490]
[768, 83]
[245, 606]
[360, 491]
[851]
[360, 492]
[852]
[768, 85]
[608, 245]
[360, 493]
[853]
[768, 86]
[609, 245]
[360, 494]
[854]
[610, 245]
[360, 495]
[855]
[768, 88]
[611, 245]
[496, 360]
[856]
[768, 89]
[612, 245]
[857]
[768, 90]
[245, 613]
[498, 360]
[858]
[768, 91]
[245, 614]
[499, 360]
[859]
[500, 360]
[860]
[768, 93]
[245, 616]
[501, 360]
[768, 94]
[245, 617]
[862]
[768, 95]
[245, 618]
[503, 360]
[96, 768]
[360, 504]
[864]
[768, 97]
[245, 620]
[360, 505]
[865]
[768, 98]
[866]
[245, 622]
[360, 507]
[867]
[768, 100]
[245, 623]
[360, 508]
[868]
[768, 101]
[624, 245]
[360, 509]
[869]
[768, 102]
[360, 510]
[870]
[768, 103]
[626, 245]
[360, 511]
[871]
[768, 104]
[627, 245]
[512, 360]
[872]
[768, 105]
[628, 245]
[513, 360]
[245, 629]
[514, 360]
[874]
[245, 630]
[515, 360]
[768, 108]
[245, 631]
[516, 360]
[876]
[245, 632]
[517, 360]
[877]
[768, 110]
[245, 633]
[518, 360]
[878]
[768, 111]
[245, 634]
[879]
[112, 768]
[245, 635]
[360, 520]
[880]
[768, 113]
[360, 521]
[881]
[768, 114]
[245, 637]
[360, 522]
[882]
[768, 115]
[245, 638]
[360, 523]
[883]
[768, 116]
[245, 639]
[360, 524]
[884]
[768, 117]
[640, 245]
[360, 525]
[885]
[768, 118]
[641, 245]
[360, 526]
[886]
[642, 245]
[360, 527]
[887]
[768, 120]
[643, 245]
[528, 360]
[888]
[644, 245]
[529, 360]
[889]
[768, 122]
[245, 645]
[530, 360]
[890]
[531, 360]
[891]
[768, 124]
[245, 647]
[532, 360]
[892]
[768, 125]
[245, 648]
[533, 360]
[893]
[768, 126]
[245, 649]
[534, 360]
[894]
[768, 127]
[245, 650]
[535, 360]
[895]
[128, 768]
[245, 651]
[360, 536]
[896]
[768, 129]
[245, 652]
[360, 537]
[897]
[768, 130]
[245, 653]
[360, 538]
[898]
[768, 131]
[360, 539]
[899]
[768, 132]
[245, 655]
[360, 540]
[900]
[656, 245]
[360, 541]
[901]
[657, 245]
[902]
[768, 135]
[658, 245]
[903]
[768, 136]
[659, 245]
[544, 360]
[904]
[768, 137]
[660, 245]
[545, 360]
[905]
[768, 138]
[245, 661]
[546, 360]
[906]
[768, 139]
[245, 662]
[768, 140]
[245, 663]
[548, 360]
[768, 141]
[909]
[768, 142]
[245, 665]
[550, 360]
[910]
[768, 143]
[245, 666]
[551, 360]
[911]
[144, 768]
[360, 552]
[912]
[768, 145]
[360, 553]
[913]
[768, 146]
[360, 554]
[914]
[768, 147]
[245, 670]
[915]
[245, 671]
[360, 556]
[916]
[672, 245]
[360, 557]
[917]
[768, 150]
[673, 245]
[360, 558]
[918]
[768, 151]
[674, 245]
[919]
[768, 152]
[675, 245]
[560, 360]
[920]
[768, 153]
[676, 245]
[561, 360]
[921]
[768, 154]
[245, 677]
[562, 360]
[922]
[768, 155]
[245, 678]
[563, 360]
[923]
[768, 156]
[245, 679]
[768, 157]
[245, 680]
[565, 360]
[925]
[768, 158]
[245, 681]
[926]
[768, 159]
[245, 682]
[567, 360]
[927]
[160, 768]
[245, 683]
[360, 568]
[928]
[768, 161]
[245, 684]
[360, 569]
[768, 162]
[245, 685]
[930]
[768, 163]
[245, 686]
[360, 571]
[931]
[768, 164]
[245, 687]
[360, 572]
[932]
[768, 165]
[688, 245]
[360, 573]
[933]
[768, 166]
[689, 245]
[360, 574]
[934]
[768, 167]
[690, 245]
[360, 575]
[935]
[768, 168]
[691, 245]
[576, 360]
[936]
[768, 169]
[692, 245]
[577, 360]
[937]
[768, 170]
[245, 693]
[578, 360]
[938]
[768, 171]
[245, 694]
[579, 360]
[939]
[768, 172]
[245, 695]
[580, 360]
[940]
[768, 173]
[245, 696]
[581, 360]
[941]
[768, 174]
[245, 697]
[582, 360]
[942]
[768, 175]
[245, 698]
[583, 360]
[943]
[176, 768]
[245, 699]
[944]
[768, 177]
[360, 585]
[945]
[768, 178]
[245, 701]
[946]
[768, 179]
[245, 702]
[947]
[768, 180]
[245, 703]
[360, 588]
[948]
[768, 181]
[704, 245]
[360, 589]
[949]
[768, 182]
[705, 245]
[360, 590]
[950]
[768, 183]
[706, 245]
[360, 591]
[951]
[707, 245]
[592, 360]
[952]
[768, 185]
[708, 245]
[593, 360]
[953]
[768, 186]
[245, 709]
[594, 360]
[954]
[768, 187]
[245, 710]
[595, 360]
[768, 188]
[245, 711]
[596, 360]
[956]
[768, 189]
[245, 712]
[597, 360]
[768, 190]
[245, 713]
[598, 360]
[958]
[768, 191]
[245, 714]
[959]
[192, 768]
[245, 715]
[360, 600]
[960]
[768, 193]
[245, 716]
[360, 601]
[961]
[768, 194]
[360, 602]
[245, 718]
[360, 603]
[963]
[768, 196]
[245, 719]
[360, 604]
[964]
[768, 197]
[720, 245]
[360, 605]
[965]
[768, 198]
[721, 245]
[360, 606]
[966]
[768, 199]
[722, 245]
[967]
[723, 245]
[608, 360]
[768, 201]
[724, 245]
[609, 360]
[969]
[768, 202]
[610, 360]
[970]
[768, 203]
[245, 726]
[611, 360]
[768, 204]
[612, 360]
[972]
[768, 205]
[613, 360]
[973]
[768, 206]
[245, 729]
[614, 360]
[768, 207]
[245, 730]
[975]
[208, 768]
[245, 731]
[360, 616]
[768, 209]
[245, 732]
[360, 617]
[977]
[768, 210]
[245, 733]
[360, 618]
[978]
[245, 734]
[979]
[768, 212]
[245, 735]
[360, 620]
[980]
[768, 213]
[736, 245]
[981]
[768, 214]
[360, 622]
[982]
[768, 215]
[738, 245]
[360, 623]
[983]
[768, 216]
[739, 245]
[624, 360]
[984]
[768, 217]
[740, 245]
[985]
[768, 218]
[245, 741]
[626, 360]
[986]
[245, 742]
[627, 360]
[768, 220]
[245, 743]
[628, 360]
[988]
[245, 744]
[629, 360]
[989]
[768, 222]
[245, 745]
[630, 360]
[990]
[245, 746]
[631, 360]
[991]
[224, 768]
[360, 632]
[992]
[768, 225]
[360, 633]
[768, 226]
[245, 749]
[360, 634]
[994]
[768, 227]
[245, 750]
[360, 635]
[995]
[768, 228]
[245, 751]
[768, 229]
[752, 245]
[360, 637]
[997]
[768, 230]
[753, 245]
[360, 638]
[998]
[768, 231]
[360, 639]
[999]
[755, 245]
[640, 360]
[641, 360]
[768, 234]
[245, 757]
[642, 360]
[245, 758]
[643, 360]
[768, 236]
[245, 759]
[644, 360]
[768, 237]
[245, 760]
[645, 360]
[768, 239]
[245, 762]
[647, 360]
[240, 768]
[245, 763]
[360, 648]
[768, 241]
[245, 764]
[360, 649]
[768, 242]
[245, 765]
[360, 650]
[245, 766]
[360, 651]
[768, 244]
[245, 767]
[360, 652]
[768, 245]
[360, 653]
[769, 245]
[768, 246]
[768, 247]
[360, 655]
[771, 245]
[768, 248]
[656, 360]
[768, 249]
[657, 360]
[245, 773]
[658, 360]
[245, 774]
[659, 360]
[245, 775]
[768, 252]
[660, 360]
[245, 776]
[661, 360]
[245, 777]
[768, 254]
[662, 360]
[245, 778]
[768, 255]
[663, 360]
[245, 779]
[256, 768]
[245, 780]
[768, 257]
[360, 665]
[245, 781]
[768, 258]
[360, 666]
[245, 782]
[768, 259]
[245, 783]
[784, 245]
[768, 261]
[785, 245]
[768, 262]
[360, 670]
[768, 263]
[360, 671]
[787, 245]
[768, 264]
[672, 360]
[788, 245]
[768, 265]
[673, 360]
[245, 789]
[768, 266]
[674, 360]
[245, 790]
[768, 267]
[675, 360]
[768, 268]
[676, 360]
[245, 792]
[768, 269]
[677, 360]
[245, 793]
[768, 270]
[678, 360]
[245, 794]
[679, 360]
[245, 795]
[272, 768]
[360, 680]
[768, 273]
[360, 681]
[245, 797]
[768, 274]
[360, 682]
[245, 798]
[768, 275]
[360, 683]
[245, 799]
[768, 276]
[360, 684]
[800, 245]
[768, 277]
[360, 685]
[801, 245]
[768, 278]
[360, 686]
[802, 245]
[768, 279]
[360, 687]
[803, 245]
[768, 280]
[688, 360]
[804, 245]
[768, 281]
[689, 360]
[245, 805]
[690, 360]
[245, 806]
[768, 283]
[691, 360]
[245, 807]
[692, 360]
[768, 285]
[693, 360]
[245, 809]
[768, 286]
[694, 360]
[245, 810]
[768, 287]
[695, 360]
[245, 811]
[360, 696]
[245, 812]
[768, 289]
[360, 697]
[245, 813]
[768, 290]
[360, 698]
[245, 814]
[360, 699]
[245, 815]
[768, 292]
[768, 293]
[360, 701]
[817, 245]
[768, 294]
[360, 702]
[818, 245]
[768, 295]
[360, 703]
[819, 245]
[768, 296]
[704, 360]
[820, 245]
[768, 297]
[705, 360]
[245, 821]
[768, 298]
[706, 360]
[245, 822]
[768, 299]
[707, 360]
[245, 823]
[768, 300]
[708, 360]
[245, 824]
[768, 301]
[709, 360]
[245, 825]
[710, 360]
[245, 826]
[768, 303]
[711, 360]
[245, 827]
[304, 768]
[360, 712]
[245, 828]
[768, 305]
[360, 713]
[245, 829]
[768, 306]
[360, 714]
[245, 830]
[768, 307]
[360, 715]
[245, 831]
[768, 308]
[360, 716]
[832, 245]
[768, 309]
[833, 245]
[768, 310]
[360, 718]
[834, 245]
[768, 311]
[360, 719]
[835, 245]
[720, 360]
[768, 313]
[721, 360]
[245, 837]
[768, 314]
[722, 360]
[245, 838]
[768, 315]
[723, 360]
[245, 839]
[768, 316]
[724, 360]
[245, 840]
[768, 317]
[245, 841]
[768, 318]
[245, 842]
[768, 319]
[245, 843]
[320, 768]
[245, 844]
[768, 321]
[360, 729]
[245, 845]
[768, 322]
[360, 730]
[245, 846]
[360, 731]
[245, 847]
[768, 324]
[360, 732]
[768, 325]
[360, 733]
[849, 245]
[768, 326]
[360, 734]
[768, 327]
[360, 735]
[851, 245]
[768, 328]
[736, 360]
[852, 245]
[768, 329]
[245, 853]
[768, 330]
[738, 360]
[245, 854]
[768, 331]
[739, 360]
[245, 855]
[768, 332]
[740, 360]
[245, 856]
[768, 333]
[741, 360]
[245, 857]
[768, 334]
[742, 360]
[245, 858]
[768, 335]
[743, 360]
[245, 859]
[336, 768]
[360, 744]
[245, 860]
[360, 745]
[768, 338]
[360, 746]
[245, 862]
[768, 339]
[864, 245]
[360, 749]
[865, 245]
[768, 342]
[360, 750]
[866, 245]
[768, 343]
[360, 751]
[867, 245]
[752, 360]
[868, 245]
[768, 345]
[753, 360]
[245, 869]
[768, 346]
[768, 347]
[755, 360]
[245, 871]
[768, 348]
[245, 872]
[768, 349]
[757, 360]
[768, 350]
[758, 360]
[245, 874]
[768, 351]
[759, 360]
[352, 768]
[360, 760]
[245, 876]
[768, 354]
[360, 762]
[245, 878]
[768, 355]
[360, 763]
[245, 879]
[768, 356]
[360, 764]
[880, 245]
[768, 357]
[360, 765]
[881, 245]
[768, 358]
[360, 766]
[882, 245]
[360, 767]
[883, 245]
[768, 360]
[884, 245]
[769, 360]
[768, 361]
[245, 885]
[768, 362]
[245, 886]
[771, 360]
[768, 363]
[245, 887]
[768, 364]
[245, 888]
[773, 360]
[245, 889]
[774, 360]
[768, 366]
[245, 890]
[775, 360]
[768, 367]
[245, 891]
[360, 776]
[368, 768]
[245, 892]
[360, 777]
[768, 369]
[245, 893]
[360, 778]
[768, 370]
[245, 894]
[360, 779]
[768, 371]
[245, 895]
[360, 780]
[768, 372]
[896, 245]
[360, 781]
[768, 373]
[897, 245]
[360, 782]
[768, 374]
[898, 245]
[360, 783]
[768, 375]
[899, 245]
[784, 360]
[768, 376]
[900, 245]
[785, 360]
[768, 377]
[245, 901]
[768, 378]
[245, 902]
[787, 360]
[768, 379]
[245, 903]
[788, 360]
[245, 904]
[789, 360]
[768, 381]
[245, 905]
[790, 360]
[768, 382]
[245, 906]
[768, 383]
[360, 792]
[384, 768]
[360, 793]
[768, 385]
[245, 909]
[360, 794]
[245, 910]
[360, 795]
[768, 387]
[245, 911]
[768, 388]
[912, 245]
[360, 797]
[913, 245]
[360, 798]
[768, 390]
[914, 245]
[360, 799]
[768, 391]
[915, 245]
[800, 360]
[768, 392]
[916, 245]
[801, 360]
[245, 917]
[802, 360]
[768, 394]
[245, 918]
[803, 360]
[768, 395]
[245, 919]
[804, 360]
[768, 396]
[245, 920]
[805, 360]
[768, 397]
[245, 921]
[806, 360]
[768, 398]
[245, 922]
[807, 360]
[768, 399]
[245, 923]
[400, 768]
[360, 809]
[768, 401]
[245, 925]
[360, 810]
[768, 402]
[245, 926]
[360, 811]
[768, 403]
[245, 927]
[360, 812]
[928, 245]
[360, 813]
[768, 405]
[360, 814]
[768, 406]
[930, 245]
[360, 815]
[768, 407]
[931, 245]
[768, 408]
[932, 245]
[817, 360]
[768, 409]
[245, 933]
[818, 360]
[245, 934]
[819, 360]
[768, 411]
[245, 935]
[820, 360]
[768, 412]
[245, 936]
[821, 360]
[768, 413]
[245, 937]
[822, 360]
[768, 414]
[245, 938]
[823, 360]
[768, 415]
[245, 939]
[360, 824]
[245, 940]
[360, 825]
[768, 417]
[245, 941]
[360, 826]
[768, 418]
[245, 942]
[360, 827]
[768, 419]
[245, 943]
[360, 828]
[944, 245]
[360, 829]
[768, 421]
[945, 245]
[360, 830]
[768, 422]
[946, 245]
[360, 831]
[768, 423]
[947, 245]
[832, 360]
[768, 424]
[948, 245]
[833, 360]
[245, 949]
[834, 360]
[768, 426]
[245, 950]
[835, 360]
[768, 427]
[245, 951]
[768, 428]
[245, 952]
[837, 360]
[768, 429]
[245, 953]
[838, 360]
[768, 430]
[245, 954]
[839, 360]
[360, 840]
[432, 768]
[245, 956]
[360, 841]
[360, 842]
[245, 958]
[360, 843]
[768, 435]
[245, 959]
[360, 844]
[768, 436]
[960, 245]
[360, 845]
[768, 437]
[961, 245]
[360, 846]
[768, 438]
[360, 847]
[768, 439]
[963, 245]
[768, 440]
[964, 245]
[849, 360]
[768, 441]
[245, 965]
[768, 442]
[245, 966]
[851, 360]
[768, 443]
[245, 967]
[852, 360]
[768, 444]
[853, 360]
[245, 969]
[854, 360]
[245, 970]
[855, 360]
[768, 447]
[360, 856]
[448, 768]
[245, 972]
[360, 857]
[768, 449]
[245, 973]
[360, 858]
[768, 450]
[360, 859]
[768, 451]
[245, 975]
[360, 860]
[768, 452]
[768, 453]
[977, 245]
[360, 862]
[978, 245]
[768, 455]
[979, 245]
[864, 360]
[768, 456]
[980, 245]
[865, 360]
[245, 981]
[866, 360]
[768, 458]
[245, 982]
[867, 360]
[768, 459]
[245, 983]
[868, 360]
[768, 460]
[245, 984]
[869, 360]
[768, 461]
[245, 985]
[768, 462]
[245, 986]
[871, 360]
[360, 872]
[464, 768]
[245, 988]
[768, 465]
[245, 989]
[360, 874]
[768, 466]
[245, 990]
[768, 467]
[245, 991]
[360, 876]
[768, 468]
[992, 245]
[768, 469]
[360, 878]
[768, 470]
[360, 879]
[768, 471]
[995, 245]
[880, 360]
[768, 472]
[881, 360]
[768, 473]
[245, 997]
[882, 360]
[768, 474]
[245, 998]
[883, 360]
[768, 475]
[245, 999]
[884, 360]
[768, 476]
[885, 360]
[768, 477]
[886, 360]
[768, 478]
[887, 360]
[768, 479]
[360, 888]
[480, 768]
[360, 889]
[768, 481]
[360, 890]
[768, 482]
[360, 891]
[768, 483]
[360, 892]
[768, 484]
[360, 893]
[768, 485]
[360, 894]
[768, 486]
[360, 895]
[768, 487]
[896, 360]
[897, 360]
[768, 489]
[898, 360]
[768, 490]
[899, 360]
[768, 491]
[900, 360]
[768, 492]
[901, 360]
[768, 493]
[902, 360]
[768, 494]
[903, 360]
[768, 495]
[360, 904]
[496, 768]
[360, 905]
[360, 906]
[768, 498]
[768, 499]
[768, 500]
[360, 909]
[768, 501]
[360, 910]
[360, 911]
[768, 503]
[912, 360]
[768, 504]
[913, 360]
[768, 505]
[914, 360]
[915, 360]
[768, 507]
[916, 360]
[768, 508]
[917, 360]
[768, 509]
[918, 360]
[768, 510]
[919, 360]
[768, 511]
[360, 920]
[512, 768]
[360, 921]
[768, 513]
[360, 922]
[768, 514]
[360, 923]
[768, 515]
[768, 516]
[360, 925]
[768, 517]
[360, 926]
[768, 518]
[360, 927]
[928, 360]
[768, 520]
[768, 521]
[930, 360]
[768, 522]
[931, 360]
[768, 523]
[932, 360]
[768, 524]
[933, 360]
[768, 525]
[934, 360]
[768, 526]
[935, 360]
[768, 527]
[360, 936]
[528, 768]
[360, 937]
[768, 529]
[360, 938]
[768, 530]
[360, 939]
[768, 531]
[360, 940]
[768, 532]
[360, 941]
[768, 533]
[360, 942]
[768, 534]
[360, 943]
[768, 535]
[944, 360]
[768, 536]
[945, 360]
[768, 537]
[946, 360]
[768, 538]
[947, 360]
[768, 539]
[948, 360]
[768, 540]
[949, 360]
[768, 541]
[950, 360]
[951, 360]
[360, 952]
[544, 768]
[360, 953]
[768, 545]
[360, 954]
[768, 546]
[360, 956]
[768, 548]
[360, 958]
[768, 550]
[768, 551]
[960, 360]
[768, 552]
[961, 360]
[768, 553]
[768, 554]
[963, 360]
[964, 360]
[768, 556]
[965, 360]
[768, 557]
[966, 360]
[768, 558]
[967, 360]
[560, 768]
[360, 969]
[768, 561]
[360, 970]
[768, 562]
[768, 563]
[360, 972]
[360, 973]
[768, 565]
[360, 975]
[768, 567]
[768, 568]
[977, 360]
[768, 569]
[978, 360]
[979, 360]
[768, 571]
[980, 360]
[768, 572]
[981, 360]
[768, 573]
[982, 360]
[768, 574]
[983, 360]
[768, 575]
[360, 984]
[576, 768]
[360, 985]
[768, 577]
[360, 986]
[768, 578]
[768, 579]
[360, 988]
[768, 580]
[360, 989]
[768, 581]
[360, 990]
[768, 582]
[360, 991]
[768, 583]
[992, 360]
[768, 585]
[995, 360]
[768, 588]
[997, 360]
[768, 589]
[998, 360]
[768, 590]
[999, 360]
[768, 591]
[592, 768]
[768, 593]
[768, 594]
[768, 595]
[768, 596]
[768, 597]
[768, 598]
[768, 600]
[768, 601]
[768, 602]
[768, 603]
[768, 604]
[768, 245, 360]
[768, 605]
[768, 606]
[608, 768]
[768, 609]
[768, 610]
[768, 611]
[768, 612]
[768, 613]
[768, 614]
[768, 616]
[768, 617]
[768, 618]
[768, 620]
[768, 622]
[768, 623]
[624, 768]
[768, 626]
[768, 627]
[768, 628]
[768, 629]
[768, 630]
[768, 631]
[768, 632]
[768, 633]
[768, 634]
[768, 635]
[768, 637]
[768, 638]
[768, 639]
[640, 768]
[768, 641]
[768, 642]
[768, 643]
[768, 644]
[768, 645]
[768, 647]
[768, 648]
[768, 649]
[768, 650]
[768, 651]
[768, 652]
[768, 653]
[768, 655]
[656, 768]
[768, 657]
[768, 658]
[768, 659]
[768, 660]
[768, 661]
[768, 662]
[768, 663]
[768, 665]
[768, 666]
[768, 670]
[768, 671]
[672, 768]
[768, 673]
[768, 674]
[768, 675]
[768, 676]
[768, 677]
[768, 678]
[768, 679]
[768, 680]
[768, 681]
[768, 682]
[768, 683]
[768, 684]
[768, 685]
[768, 686]
[768, 687]
[688, 768]
[768, 689]
[768, 690]
[768, 691]
[768, 692]
[768, 693]
[768, 694]
[768, 695]
[768, 696]
[768, 697]
[768, 698]
[768, 699]
[768, 701]
[768, 702]
[768, 703]
[704, 768]
[768, 705]
[768, 706]
[768, 707]
[768, 708]
[768, 709]
[768, 710]
[768, 711]
[768, 712]
[768, 713]
[768, 714]
[768, 715]
[768, 716]
[768, 718]
[768, 719]
[720, 768]
[768, 721]
[768, 722]
[768, 723]
[768, 724]
[768, 726]
[768, 729]
[768, 730]
[768, 731]
[768, 732]
[768, 733]
[768, 734]
[768, 735]
[736, 768]
[768, 738]
[768, 739]
[768, 740]
[768, 741]
[768, 742]
[768, 743]
[768, 744]
[768, 745]
[768, 746]
[768, 749]
[768, 750]
[768, 751]
[752, 768]
[768, 753]
[768, 755]
[768, 757]
[768, 758]
[768, 759]
[768, 760]
[768, 762]
[768, 763]
[768, 764]
[768, 765]
[768, 766]
[768, 767]
[768, 769]
[768, 771]
[768, 773]
[768, 774]
[768, 775]
[768, 776]
[768, 777]
[768, 778]
[768, 779]
[768, 780]
[768, 781]
[768, 782]
[768, 783]
[768, 784]
[768, 785]
[768, 787]
[768, 788]
[768, 789]
[768, 790]
[768, 792]
[768, 793]
[768, 794]
[768, 795]
[768, 797]
[768, 798]
[768, 799]
[768, 800]
[768, 801]
[768, 802]
[768, 803]
[768, 804]
[768, 805]
[768, 806]
[768, 807]
[768, 809]
[768, 810]
[768, 811]
[768, 812]
[768, 813]
[768, 814]
[768, 815]
[768, 817]
[768, 818]
[768, 819]
[768, 820]
[768, 821]
[768, 822]
[768, 823]
[768, 824]
[768, 825]
[768, 826]
[768, 827]
[768, 828]
[768, 829]
[768, 830]
[768, 831]
[768, 832]
[768, 833]
[768, 834]
[768, 835]
[768, 837]
[768, 838]
[768, 839]
[768, 840]
[768, 841]
[768, 842]
[768, 843]
[768, 844]
[768, 845]
[768, 846]
[768, 847]
[768, 849]
[768, 851]
[768, 852]
[768, 853]
[768, 854]
[768, 855]
[768, 856]
[768, 857]
[768, 858]
[768, 859]
[768, 860]
[768, 862]
[768, 864]
[768, 865]
[768, 866]
[768, 867]
[768, 868]
[768, 869]
[768, 871]
[768, 872]
[768, 874]
[768, 876]
[768, 878]
[768, 879]
[768, 880]
[768, 881]
[768, 882]
[768, 883]
[768, 884]
[768, 885]
[768, 886]
[768, 887]
[768, 888]
[768, 889]
[768, 890]
[768, 891]
[768, 892]
[768, 893]
[768, 894]
[768, 895]
[768, 896]
[768, 897]
[768, 898]
[768, 899]
[768, 900]
[768, 901]
[768, 902]
[768, 903]
[768, 904]
[768, 905]
[768, 906]
[768, 909]
[768, 910]
[768, 911]
[768, 912]
[768, 913]
[768, 914]
[768, 915]
[768, 916]
[768, 917]
[768, 918]
[768, 919]
[768, 920]
[768, 921]
[768, 922]
[768, 923]
[768, 925]
[768, 926]
[768, 927]
[768, 928]
[768, 930]
[768, 931]
[768, 932]
[768, 933]
[768, 934]
[768, 935]
[768, 936]
[768, 937]
[768, 938]
[768, 939]
[768, 940]
[768, 941]
[768, 942]
[768, 943]
[768, 944]
[768, 945]
[768, 946]
[768, 947]
[768, 948]
[768, 949]
[768, 950]
[768, 951]
[768, 952]
[768, 953]
[768, 954]
[768, 956]
[768, 958]
[768, 959]
[768, 960]
[768, 961]
[768, 963]
[768, 964]
[768, 965]
[768, 966]
[768, 967]
[768, 969]
[768, 970]
[768, 972]
[768, 973]
[768, 975]
[768, 977]
[768, 978]
[768, 979]
[768, 980]
[768, 981]
[768, 982]
[768, 983]
[768, 984]
[768, 985]
[768, 986]
[768, 988]
[768, 989]
[768, 990]
[768, 991]
[768, 992]
[768, 994]
[768, 995]
[768, 997]
[768, 998]
[768, 999]
