Running time: 7706 ms
Maximum memory usage : 28.956558227539062 mb
Itemset count: 2022
Transaction count: 3999
minPro: 0.6
minSup: 0.03
PMFIs:
[1]
[2]
[3]
[4]
[1, 4]
[5]
[2, 4]
[6]
[3, 4]
[7]
[8]
[4, 5]
[9]
[4, 6]
[4, 7]
[11]
[4, 8]
[12]
[4, 9]
[13]
[4, 10]
[14]
[4, 11]
[15]
[4, 12]
[16]
[4, 13]
[17]
[4, 14]
[18]
[4, 15]
[19]
[16, 4]
[20]
[17, 4]
[21]
[18, 4]
[22]
[23]
[4, 20]
[24]
[4, 21]
[25]
[4, 22]
[26]
[4, 23]
[27]
[4, 24]
[28]
[4, 25]
[29]
[4, 26]
[30]
[4, 27]
[31]
[4, 28]
[32]
[4, 29]
[33]
[4, 30]
[34]
[4, 31]
[32, 4]
[36]
[33, 4]
[34, 4]
[38]
[39]
[4, 36]
[41]
[4, 38]
[42]
[4, 39]
[43]
[44]
[4, 41]
[45]
[4, 42]
[46]
[4, 43]
[47]
[4, 44]
[48]
[4, 45]
[49]
[4, 46]
[50]
[4, 47]
[51]
[48, 4]
[52]
[49, 4]
[53]
[50, 4]
[54]
[51, 4]
[55]
[4, 52]
[56]
[4, 53]
[57]
[4, 54]
[58]
[4, 55]
[4, 56]
[60]
[4, 57]
[4, 58]
[62]
[63]
[4, 60]
[64]
[65]
[4, 62]
[66]
[4, 63]
[67]
[64, 4]
[68]
[65, 4]
[69]
[66, 4]
[70]
[67, 4]
[71]
[4, 68]
[72]
[4, 69]
[73]
[4, 70]
[74]
[4, 71]
[75]
[4, 72]
[76]
[4, 73]
[77]
[4, 74]
[78]
[4, 75]
[79]
[4, 76]
[80]
[80, 1]
[4, 77]
[81]
[80, 2]
[4, 78]
[82]
[80, 3]
[4, 79]
[83]
[80, 4]
[84]
[80, 1, 4]
[81, 4]
[80, 5]
[85]
[80, 2, 4]
[82, 4]
[80, 6]
[86]
[80, 3, 4]
[83, 4]
[80, 7]
[87]
[4, 84]
[88]
[80, 4, 5]
[4, 85]
[80, 9]
[89]
[80, 4, 6]
[4, 86]
[80, 10]
[90]
[80, 4, 7]
[4, 87]
[80, 11]
[80, 4, 8]
[4, 88]
[80, 12]
[92]
[80, 4, 9]
[80, 13]
[93]
[80, 4, 10]
[4, 90]
[80, 14]
[94]
[80, 4, 11]
[95]
[80, 4, 12]
[1, 95]
[4, 92]
[16, 80]
[96]
[80, 4, 13]
[2, 95]
[4, 93]
[97]
[80, 4, 14]
[3, 95]
[4, 94]
[80, 18]
[98]
[80, 4, 15]
[4, 95]
[1, 4, 95]
[16, 80, 4]
[96, 4]
[5, 95]
[80, 20]
[100]
[2, 4, 95]
[97, 4]
[6, 95]
[80, 21]
[101]
[3, 4, 95]
[80, 18, 4]
[98, 4]
[7, 95]
[80, 22]
[102]
[80, 23]
[103]
[4, 5, 95]
[80, 4, 20]
[4, 100]
[9, 95]
[80, 24]
[104]
[4, 6, 95]
[80, 4, 21]
[4, 101]
[80, 25]
[4, 7, 95]
[80, 4, 22]
[4, 102]
[11, 95]
[80, 26]
[4, 8, 95]
[80, 4, 23]
[4, 103]
[12, 95]
[80, 27]
[107]
[4, 9, 95]
[80, 4, 24]
[4, 104]
[13, 95]
[80, 28]
[108]
[4, 10, 95]
[80, 4, 25]
[14, 95]
[80, 29]
[109]
[4, 11, 95]
[80, 4, 26]
[80, 30]
[110]
[4, 12, 95]
[80, 4, 27]
[4, 107]
[16, 95]
[80, 31]
[111]
[4, 13, 95]
[80, 4, 28]
[4, 108]
[32, 80]
[112]
[4, 14, 95]
[80, 4, 29]
[4, 109]
[18, 95]
[80, 33]
[113]
[4, 15, 95]
[80, 4, 30]
[4, 110]
[80, 34]
[114]
[16, 4, 95]
[80, 4, 31]
[4, 111]
[20, 95]
[115]
[32, 80, 4]
[112, 4]
[21, 95]
[80, 36]
[116]
[18, 4, 95]
[80, 33, 4]
[113, 4]
[22, 95]
[117]
[80, 34, 4]
[114, 4]
[23, 95]
[80, 38]
[118]
[4, 20, 95]
[115, 4]
[24, 95]
[80, 39]
[119]
[4, 21, 95]
[80, 4, 36]
[4, 116]
[25, 95]
[120]
[4, 22, 95]
[4, 117]
[26, 95]
[80, 41]
[121]
[4, 23, 95]
[80, 4, 38]
[4, 118]
[27, 95]
[80, 42]
[122]
[4, 24, 95]
[80, 4, 39]
[4, 119]
[28, 95]
[80, 43]
[123]
[4, 25, 95]
[4, 120]
[29, 95]
[80, 44]
[124]
[4, 26, 95]
[80, 4, 41]
[4, 121]
[80, 45]
[125]
[4, 27, 95]
[80, 4, 42]
[4, 122]
[31, 95]
[80, 46]
[126]
[4, 28, 95]
[80, 4, 43]
[4, 123]
[32, 95]
[80, 47]
[127]
[4, 29, 95]
[80, 4, 44]
[4, 124]
[33, 95]
[128]
[4, 30, 95]
[80, 4, 45]
[4, 125]
[34, 95]
[80, 49]
[4, 31, 95]
[80, 4, 46]
[4, 126]
[80, 50]
[32, 4, 95]
[80, 4, 47]
[4, 127]
[36, 95]
[80, 51]
[33, 4, 95]
[48, 80, 4]
[128, 4]
[80, 52]
[34, 4, 95]
[80, 49, 4]
[38, 95]
[80, 53]
[80, 50, 4]
[39, 95]
[80, 54]
[4, 36, 95]
[80, 51, 4]
[80, 55]
[80, 4, 52]
[41, 95]
[80, 56]
[4, 38, 95]
[80, 4, 53]
[42, 95]
[80, 57]
[4, 39, 95]
[80, 4, 54]
[43, 95]
[80, 58]
[80, 4, 55]
[44, 95]
[4, 41, 95]
[80, 4, 56]
[45, 95]
[80, 60]
[4, 42, 95]
[80, 4, 57]
[46, 95]
[4, 43, 95]
[80, 4, 58]
[47, 95]
[80, 62]
[4, 44, 95]
[80, 63]
[4, 45, 95]
[80, 4, 60]
[49, 95]
[64, 80]
[4, 46, 95]
[50, 95]
[4, 47, 95]
[80, 4, 62]
[51, 95]
[80, 66]
[48, 4, 95]
[80, 4, 63]
[52, 95]
[80, 67]
[49, 4, 95]
[64, 80, 4]
[53, 95]
[80, 68]
[50, 4, 95]
[80, 65, 4]
[54, 95]
[80, 69]
[51, 4, 95]
[80, 66, 4]
[55, 95]
[80, 70]
[4, 52, 95]
[80, 67, 4]
[56, 95]
[80, 71]
[4, 53, 95]
[80, 4, 68]
[57, 95]
[80, 72]
[4, 54, 95]
[80, 4, 69]
[58, 95]
[80, 73]
[4, 55, 95]
[80, 4, 70]
[80, 74]
[4, 56, 95]
[80, 4, 71]
[60, 95]
[80, 75]
[4, 57, 95]
[80, 4, 72]
[80, 76]
[4, 58, 95]
[80, 4, 73]
[62, 95]
[80, 77]
[80, 4, 74]
[63, 95]
[80, 78]
[4, 60, 95]
[80, 4, 75]
[64, 95]
[80, 79]
[80, 4, 76]
[4, 62, 95]
[80, 4, 77]
[66, 95]
[80, 81]
[4, 63, 95]
[80, 4, 78]
[67, 95]
[80, 82]
[64, 4, 95]
[80, 4, 79]
[68, 95]
[80, 83]
[69, 95]
[80, 84]
[66, 4, 95]
[80, 81, 4]
[70, 95]
[80, 85]
[67, 4, 95]
[80, 82, 4]
[71, 95]
[80, 86]
[4, 68, 95]
[80, 83, 4]
[72, 95]
[80, 87]
[4, 69, 95]
[80, 4, 84]
[73, 95]
[80, 88]
[4, 70, 95]
[80, 4, 85]
[74, 95]
[4, 71, 95]
[80, 4, 86]
[75, 95]
[80, 90]
[4, 72, 95]
[80, 4, 87]
[76, 95]
[4, 73, 95]
[80, 4, 88]
[77, 95]
[80, 92]
[4, 74, 95]
[78, 95]
[80, 93]
[4, 75, 95]
[80, 4, 90]
[79, 95]
[80, 94]
[4, 76, 95]
[80, 95]
[4, 77, 95]
[80, 4, 92]
[80, 96]
[81, 95]
[4, 78, 95]
[80, 4, 93]
[80, 97]
[82, 95]
[4, 79, 95]
[80, 4, 94]
[80, 98]
[80, 4, 95]
[84, 95]
[80, 1, 4, 95]
[80, 96, 4]
[81, 4, 95]
[80, 100]
[85, 95]
[80, 2, 4, 95]
[80, 97, 4]
[82, 4, 95]
[80, 101]
[86, 95]
[80, 3, 4, 95]
[80, 98, 4]
[83, 4, 95]
[80, 102]
[87, 95]
[4, 84, 95]
[88, 95]
[80, 4, 5, 95]
[80, 4, 100]
[4, 85, 95]
[80, 104]
[80, 4, 6, 95]
[80, 4, 101]
[4, 86, 95]
[80, 10, 95]
[90, 95]
[80, 4, 7, 95]
[80, 4, 102]
[4, 87, 95]
[80, 4, 8, 95]
[80, 4, 103]
[4, 88, 95]
[80, 107]
[92, 95]
[80, 4, 9, 95]
[80, 4, 104]
[80, 108]
[93, 95]
[80, 4, 10, 95]
[4, 90, 95]
[80, 109]
[94, 95]
[80, 4, 11, 95]
[80, 110]
[80, 4, 12, 95]
[80, 4, 107]
[4, 92, 95]
[80, 111]
[96, 95]
[80, 4, 13, 95]
[80, 4, 108]
[4, 93, 95]
[80, 112]
[97, 95]
[80, 4, 14, 95]
[80, 4, 109]
[4, 94, 95]
[80, 113]
[98, 95]
[80, 4, 15, 95]
[80, 4, 110]
[80, 114]
[16, 80, 4, 95]
[80, 4, 111]
[96, 4, 95]
[100, 95]
[80, 17, 4, 95]
[80, 112, 4]
[97, 4, 95]
[80, 116]
[101, 95]
[80, 18, 4, 95]
[80, 113, 4]
[98, 4, 95]
[80, 117]
[102, 95]
[80, 19, 4, 95]
[80, 114, 4]
[80, 118]
[80, 4, 20, 95]
[80, 115, 4]
[4, 100, 95]
[80, 119]
[104, 95]
[80, 4, 21, 95]
[80, 4, 116]
[4, 101, 95]
[80, 120]
[80, 4, 22, 95]
[80, 4, 117]
[4, 102, 95]
[80, 121]
[80, 4, 23, 95]
[80, 4, 118]
[4, 103, 95]
[80, 122]
[107, 95]
[80, 4, 24, 95]
[80, 4, 119]
[4, 104, 95]
[80, 123]
[108, 95]
[80, 4, 25, 95]
[80, 4, 120]
[80, 124]
[109, 95]
[80, 4, 26, 95]
[80, 4, 121]
[80, 125]
[110, 95]
[80, 17, 4, 10, 95]
[80, 4, 27, 95]
[80, 4, 122]
[4, 107, 95]
[80, 126]
[95, 111]
[80, 4, 28, 95]
[80, 4, 123]
[4, 108, 95]
[80, 127]
[80, 19, 4, 10, 95]
[80, 4, 29, 95]
[80, 4, 124]
[4, 109, 95]
[80, 128]
[113, 95]
[80, 4, 30, 95]
[80, 4, 125]
[4, 110, 95]
[114, 95]
[80, 4, 31, 95]
[80, 4, 126]
[4, 95, 111]
[32, 80, 4, 95]
[80, 4, 127]
[112, 4, 95]
[116, 95]
[80, 33, 4, 95]
[80, 128, 4]
[113, 4, 95]
[117, 95]
[80, 34, 4, 95]
[114, 4, 95]
[118, 95]
[115, 4, 95]
[119, 95]
[80, 4, 36, 95]
[4, 116, 95]
[120, 95]
[4, 117, 95]
[121, 95]
[80, 4, 38, 95]
[4, 118, 95]
[122, 95]
[80, 4, 39, 95]
[4, 119, 95]
[123, 95]
[4, 120, 95]
[124, 95]
[80, 4, 41, 95]
[4, 121, 95]
[125, 95]
[80, 4, 42, 95]
[4, 122, 95]
[126, 95]
[80, 4, 43, 95]
[4, 123, 95]
[95, 127]
[80, 4, 44, 95]
[4, 124, 95]
[128, 95]
[80, 4, 45, 95]
[4, 125, 95]
[80, 4, 46, 95]
[4, 126, 95]
[80, 4, 47, 95]
[4, 95, 127]
[48, 80, 4, 95]
[128, 4, 95]
[80, 49, 4, 95]
[80, 50, 4, 95]
[80, 51, 4, 95]
[80, 4, 52, 95]
[80, 4, 53, 95]
[80, 4, 54, 95]
[80, 4, 55, 95]
[80, 4, 56, 95]
[80, 4, 57, 95]
[80, 4, 58, 95]
[80, 4, 60, 95]
[80, 4, 62, 95]
[80, 4, 63, 95]
[64, 80, 4, 95]
[80, 65, 4, 95]
[80, 66, 4, 95]
[80, 67, 4, 95]
[80, 4, 68, 95]
[80, 4, 69, 95]
[80, 4, 70, 95]
[80, 4, 71, 95]
[80, 4, 72, 95]
[80, 4, 73, 95]
[80, 4, 74, 95]
[80, 4, 75, 95]
[80, 4, 76, 95]
[80, 4, 77, 95]
[80, 4, 78, 95]
[80, 4, 79, 95]
[80, 81, 4, 95]
[80, 82, 4, 95]
[80, 83, 4, 95]
[80, 4, 84, 95]
[80, 4, 85, 95]
[80, 4, 86, 95]
[80, 4, 87, 95]
[80, 4, 88, 95]
[80, 4, 89, 95]
[80, 4, 90, 95]
[80, 4, 92, 95]
[80, 4, 93, 95]
[80, 4, 94, 95]
[80, 96, 4, 95]
[80, 97, 4, 95]
[80, 98, 4, 95]
[80, 4, 89, 10, 95]
[80, 4, 100, 95]
[80, 4, 101, 95]
[80, 4, 102, 95]
[80, 4, 103, 95]
[80, 4, 104, 95]
[80, 4, 107, 95]
[80, 4, 108, 95]
[80, 4, 109, 95]
[80, 4, 110, 95]
[80, 4, 95, 111]
[80, 112, 4, 95]
[80, 113, 4, 95]
[80, 114, 4, 95]
[80, 115, 4, 95]
[80, 4, 116, 95]
[80, 4, 117, 95]
[80, 4, 118, 95]
[80, 4, 119, 95]
[80, 4, 120, 95]
[80, 4, 121, 95]
[80, 4, 122, 95]
[80, 4, 123, 95]
[80, 4, 124, 95]
[80, 4, 125, 95]
[80, 4, 126, 95]
[80, 4, 95, 127]
[80, 128, 4, 95]
