Running time: 3650 ms
Maximum memory usage : 210.457275390625 mb
Itemset count: 271
Transaction count: 5999
minPro: 0.6
minSup: 0.03
PMFIs:
[1]
[2]
[3]
[4]
[1, 4]
[5]
[2, 4]
[6]
[3, 4]
[7]
[8]
[4, 5]
[9]
[4, 6]
[4, 7]
[11]
[4, 8]
[12]
[4, 9]
[13]
[14]
[4, 11]
[15]
[4, 12]
[16]
[4, 13]
[17]
[4, 14]
[18]
[4, 15]
[16, 4]
[20]
[17, 4]
[21]
[18, 4]
[22]
[23]
[4, 20]
[24]
[4, 21]
[25]
[4, 22]
[26]
[4, 23]
[27]
[4, 24]
[28]
[4, 25]
[29]
[4, 26]
[30]
[4, 27]
[31]
[4, 28]
[32]
[4, 29]
[33]
[4, 30]
[34]
[4, 31]
[32, 4]
[36]
[33, 4]
[34, 4]
[38]
[39]
[4, 36]
[41]
[4, 38]
[42]
[4, 39]
[43]
[44]
[4, 41]
[45]
[4, 42]
[46]
[4, 43]
[47]
[4, 44]
[48]
[4, 45]
[49]
[4, 46]
[50]
[4, 47]
[51]
[48, 4]
[52]
[49, 4]
[53]
[50, 4]
[54]
[51, 4]
[55]
[4, 52]
[56]
[4, 53]
[57]
[4, 54]
[58]
[4, 55]
[4, 56]
[60]
[4, 57]
[4, 58]
[62]
[63]
[4, 60]
[64]
[65]
[4, 62]
[66]
[4, 63]
[67]
[64, 4]
[68]
[65, 4]
[69]
[66, 4]
[70]
[67, 4]
[71]
[4, 68]
[72]
[4, 69]
[73]
[4, 70]
[74]
[4, 71]
[75]
[4, 72]
[76]
[4, 73]
[77]
[4, 74]
[78]
[4, 75]
[79]
[4, 76]
[80]
[4, 77]
[81]
[4, 78]
[82]
[4, 79]
[83]
[84]
[81, 4]
[85]
[82, 4]
[86]
[83, 4]
[87]
[4, 84]
[88]
[4, 85]
[89]
[4, 86]
[90]
[4, 87]
[4, 88]
[92]
[4, 89]
[93]
[4, 90]
[94]
[4, 92]
[96]
[4, 93]
[97]
[4, 94]
[98]
[96, 4]
[100]
[97, 4]
[101]
[98, 4]
[102]
[103]
[4, 100]
[104]
[4, 101]
[4, 102]
[4, 103]
[107]
[4, 104]
[108]
[109]
[110]
[4, 107]
[111]
[4, 108]
[112]
[4, 109]
[113]
[4, 110]
[114]
[4, 111]
[115]
[112, 4]
[116]
[113, 4]
[117]
[114, 4]
[118]
[115, 4]
[119]
[4, 116]
[120]
[4, 117]
[121]
[4, 118]
[122]
[4, 119]
[123]
[4, 120]
[124]
[4, 121]
[125]
[4, 122]
[126]
[4, 123]
[127]
[4, 124]
[128]
[4, 125]
[4, 126]
[4, 127]
[128, 4]
